3.919096
2.405352
1.186557
1.186557
3.436083
3.107602
-0.971283
1.189170
2.236493
0.556095
2.281393
1.044749
0.041872
0.625999
0.165538
3.150990
1.545806
-0.264930
-1.131617
-1.669300
-0.277703
0.527407
0.668128
-2.314730
1.848097
1.336872
1.495055
0.550802
0.550802
0.802842
-0.061092
1.487069
-0.424575
-0.755054
1.196057
1.237380
-0.702814
0.246589
2.865530
0.601699
-0.273022
1.609607
2.190044
1.155005
1.268516
5.818717
0.757433
-0.195280
3.247271
-0.726446
-0.489560
-0.421645
0.870041
1.295260
1.976869
1.306323
-1.525175
1.434509
0.915621
1.589091
1.589091
-3.516313
1.555070
0.646349
2.560933
1.725663
6.044616
1.496984
-0.526722
1.186975
1.904511
-0.011391
0.883023
2.824001
1.759447
0.482920
1.696551
3.353384
-1.121365
0.574458
1.325259
5.463255
0.655814
-1.630207
1.041217
1.796952
-1.823267
1.376729
-0.348860
-0.489386
1.928203
2.919791
1.859627
1.443917
0.211886
1.865800
1.320458
1.766218
1.353338
1.478816
1.768790
-2.518319
3.309607
2.135493
2.390825
-0.395010
0.616054
1.058557
1.058557
1.657650
1.657650
1.141001
0.369141
1.712038
-2.811810
2.698609
-0.673702
2.062229
-0.447519
2.649695
0.621896
0.392968
1.229141
1.936219
4.781713
1.477081
-0.118829
2.233479
0.838363
0.838363
1.076228
0.565126
2.534662
2.062555
0.961824
-0.899493
0.912385
0.138642
1.671874
2.483358
0.095032
0.597402
0.182301
1.313433
2.032375
1.074607
0.636437
3.858499
-3.644032
1.444159
5.490720
2.305128
0.763051
-0.320496
1.347998
-0.893776
1.298306
2.099324
2.265219
8.567229
2.011895
3.347348
1.403873
-0.314008
1.032118
1.401435
1.261615
0.604527
1.941296
2.152402
1.073759
3.641444
1.188259
1.297481
0.260352
-0.033856
2.060889
0.542820
1.013280
2.102234
1.492096
1.492096
1.545560
1.444579
1.719448
0.050568
1.200932
1.962242
2.168918
1.609765
0.857818
0.919797
0.740708
0.770640
0.743582
3.167724
1.676950
1.779764
0.158671
3.493166
-0.046721
-1.348855
0.435220
3.524513
0.673131
-1.051207
-2.345228
2.172641
2.172641
3.567326
1.849369
0.676192
2.207965
0.280680
-1.974340
1.522801
-2.044445
-0.575736
2.780964
0.997956
1.280454
0.909947
-0.544177
4.635669
1.672586
-0.125494
-0.184146
3.772253
0.847712
-1.206580
1.354227
2.357209
-0.023591
0.342419
3.330483
2.052213
0.929354
2.073296
-2.659493
1.454241
1.060638
2.141381
0.840804
-0.860468
1.507835
3.001508
2.934822
-0.069380
2.349610
2.709121
5.244649
1.227777
0.689058
1.951258
0.873546
0.873546
1.413912
1.421681
0.753355
0.685126
1.931056
1.126890
1.490541
2.179749
1.800580
1.059756
3.313726
-0.999910
6.162881
0.550579
-0.014397
0.566569
2.364459
0.602232
0.651631
-1.045699
0.407170
1.696456
1.691140
-1.019061
1.322435
0.329099
1.832472
-0.081879
2.499612
3.211402
0.527428
0.527428
3.497318
-1.281797
1.870307
1.769770
-0.064061
2.942729
1.573222
-0.900389
1.847910
1.609727
-1.070900
1.935078
0.877389
1.202489
-0.241784
-0.399165
0.783916
0.088154
6.071046
1.825975
-1.982936
2.292118
0.977360
0.454953
2.049277
1.163643
0.188778
-1.045796
1.649092
-0.580163
1.103174
1.386923
-0.534938
1.143855
0.328479
1.157297
1.094533
1.019069
0.960389
1.602582
1.118273
-0.175643
2.013110
1.675747
0.297451
0.203961
-0.011317
1.973147
2.372527
0.432026
0.348093
3.532446
2.898562
4.768290
1.757418
-1.759079
0.468730
-0.477966
1.280026
1.924109
1.261410
0.916029
0.444946
0.684375
0.684375
1.306996
0.576234
0.576234
2.905538
1.734395
0.937985
0.737416
-0.613064
2.684929
5.271596
-0.642591
0.983019
0.983019
3.527233
-1.285662
2.178763
1.586469
0.306072
-0.219209
2.207339
-0.660552
0.632088
1.643411
1.643411
-0.154275
0.965949
1.540578
1.039721
0.174397
0.289695
2.157414
3.566587
-0.423840
3.899420
0.021050
3.654472
0.172422
-0.714274
2.652433
1.022264
-0.144838
-2.697090
-1.026504
0.270152
0.018346
-0.527827
-1.824236
1.003135
1.550074
-1.023519
-1.477180
0.075812
1.901121
-0.027542
1.105253
1.105253
0.430501
0.692490
1.045527
0.017989
1.466049
1.467529
-0.535647
0.796970
0.200379
-0.137699
1.596558
1.358390
2.714706
3.480051
2.271200
1.874764
0.900063
-0.185449
0.687210
0.663020
0.416629
0.359549
2.098132
1.757438
1.059418
0.342745
-0.272829
0.558727
1.072230
1.072230
0.512855
1.979025
2.748966
-0.054722
1.408391
1.073209
2.756728
-0.846472
0.989750
2.666198
0.745230
0.926668
1.085648
2.222358
0.917108
2.986437
2.986437
0.886203
-4.824978
0.522695
0.929527
0.370635
-0.160817
0.992798
1.167165
2.657845
0.726651
1.153012
3.139298
-2.951217
-0.627811
3.314990
-3.216896
0.840794
1.360618
1.243983
-1.952604
1.123544
1.272968
-1.465798
2.653260
1.246001
1.211295
0.349383
2.022461
1.362344
1.586941
1.915935
0.846308
-0.299265
0.444325
0.779944
0.132772
1.323122
0.383441
-0.220700
1.537318
1.537318
2.199653
1.293618
0.321342
-0.190789
-1.050394
0.927408
0.231078
0.768851
1.168327
1.168327
0.949672
0.625107
1.155752
0.118811
0.442310
2.268618
2.252092
1.804359
0.953762
1.269284
0.728746
1.542459
3.536832
1.835768
-0.013684
0.967412
-0.417181
1.341371
-0.503233
2.352962
4.100746
0.406641
0.359141
1.575732
0.274349
-0.183528
1.659452
8.434594
0.548450
-1.238342
1.548815
1.966979
0.967558
1.165342
0.765812
-0.199653
-0.224233
0.745045
6.571144
0.563570
2.218360
0.236860
0.111294
2.262634
-1.093398
1.597478
2.192423
-0.290746
2.279067
0.865569
0.355873
-0.436032
-2.268114
-0.965037
0.620554
-7.057417
1.482027
1.651396
3.677447
0.769474
-0.186187
0.517833
1.364817
-0.545602
-0.040564
0.493807
-1.085484
1.192021
2.564965
2.564965
1.845701
3.245878
1.623590
4.013894
3.009309
2.438253
-0.453218
0.360376
-0.519385
-1.184420
-1.184420
0.077677
2.913431
0.076440
0.207373
0.207373
0.482913
-1.581641
2.952951
1.123834
-1.174204
0.079249
1.239765
2.885443
1.186019
1.995835
-6.970646
1.151757
1.606832
0.934289
4.191655
-1.474127
-1.943900
0.702672
1.298739
0.842276
0.773380
0.257494
1.788603
4.596469
1.753773
0.307265
9.234596
1.706828
-0.177980
-0.899403
-1.443984
-1.090217
-0.121143
1.148550
1.148550
4.063621
1.499556
2.063627
2.762338
2.106086
1.150876
1.505192
-0.082801
2.316756
1.997271
0.454491
-0.745172
1.199645
0.142363
1.289068
1.289068
-0.163329
0.533310
2.425271
1.330156
0.587765
2.132558
-0.158046
-0.248387
4.385613
0.557628
0.557628
0.557628
2.152398
2.152398
-0.370829
-0.184356
0.419763
1.163768
2.351914
0.362820
0.234402
1.643240
1.031578
-0.041818
1.161007
-0.034925
1.744189
-0.410956
1.624933
0.900780
0.900780
-0.748192
1.238996
-0.700314
2.078849
6.359219
3.263543
0.194400
1.913089
-0.410722
5.630064
-0.697144
0.152761
1.381548
2.483166
4.108529
1.650733
-0.918510
2.410560
5.348443
1.883659
2.184918
1.193823
2.472186
1.696734
-0.179688
1.688113
0.647804
3.301023
-0.454349
-1.324570
-1.324845
1.655481
3.219490
-0.439109
0.448878
1.897085
1.611977
-0.054197
0.561245
1.915323
1.915323
0.217733
0.621670
0.663574
2.423377
1.181174
-0.254888
0.215194
1.289414
1.733642
0.603101
1.393413
2.190021
1.111317
3.111107
1.269155
1.665973
0.432726
0.791886
0.398181
1.270055
1.270055
-0.118802
2.539028
1.620327
1.924187
1.924187
1.132372
1.132372
-0.047557
0.876639
1.924882
0.666918
2.307443
1.197763
1.249686
1.246578
-0.590655
1.418175
-0.387784
-1.051779
-0.821521
3.533612
0.232152
1.626030
-0.844876
-3.945181
-0.849548
1.183578
1.183578
0.506347
2.964450
0.118588
0.967751
1.623106
0.950781
0.950781
-2.240833
1.153053
0.097238
0.318011
0.529132
2.022344
0.441886
0.998101
0.484152
0.740809
-1.035579
0.645407
0.430624
1.276727
1.276727
0.718264
1.519758
0.367660
0.985835
3.448114
-1.331646
1.548054
-0.312628
-0.640332
-0.015358
-0.023399
-0.632188
-0.009594
1.437230
0.730066
-0.353238
0.091602
0.388243
-1.962241
1.565340
-1.104966
2.975060
1.695281
-0.437776
0.555496
5.274636
1.230571
0.781627
0.784599
-0.364479
3.537902
1.632479
0.920863
0.920863
1.103103
1.117654
2.181150
4.095410
2.624195
-0.248564
1.266434
1.122672
1.495943
0.588503
1.606594
-0.492955
1.076928
1.076928
-2.625339
1.412713
0.577119
15.671217
-0.825636
0.470707
0.978356
1.517808
0.983043
2.981678
1.601936
-2.998390
1.869916
0.821103
1.726702
0.791804
2.510985
0.931770
-0.484423
-0.068946
2.915469
2.524453
0.404160
1.670655
0.828629
1.466053
2.233675
1.119888
0.786974
3.229219
1.110095
0.050133
-0.528166
3.285153
0.759788
-1.189290
4.575713
0.089279
0.666453
1.077118
-0.400260
2.256204
3.473956
2.890717
1.505337
0.417602
0.312693
1.779516
0.454997
-0.628846
2.334581
0.685737
1.560666
1.773308
0.222098
2.617326
-0.278366
0.859376
-1.622779
1.005001
0.873825
-0.788888
2.022942
0.907044
0.961201
-1.902731
1.623167
1.703567
1.479127
1.479127
-0.531636
1.999358
1.789743
2.884313
0.047107
0.614469
1.364838
-0.365861
2.627413
1.380816
1.970535
0.206901
2.175020
2.198303
3.317257
1.526107
0.708870
0.708870
3.052796
1.904416
2.033323
0.679976
0.227454
2.054788
0.583876
2.897461
0.859684
1.841723
1.845978
3.726781
2.062269
0.587795
3.342522
1.663979
0.189021
0.742559
2.219194
2.675608
3.241133
-0.301327
-0.344474
0.997545
0.401916
1.674530
2.541480
-0.302861
-0.302861
3.046917
1.018387
0.963771
1.365937
0.110572
0.818241
1.521966
4.152018
-1.458824
2.143540
2.177657
2.177657
0.930671
-0.437989
0.444764
0.176804
0.475187
0.133453
0.291338
3.003040
0.971507
0.440527
3.891248
1.004422
1.004422
1.606349
2.536499
-0.940645
2.563358
0.104383
0.595867
1.619469
0.595865
1.105638
0.708999
0.931843
1.058847
0.516480
-2.743193
2.150256
0.206926
0.953284
1.132999
0.434085
0.890143
1.161679
1.161679
-1.549677
0.625745
0.597100
0.597100
0.819072
0.819072
1.382814
1.465711
-0.753446
3.556430
0.040601
7.734543
1.612496
-1.431014
0.728581
-0.401080
1.332469
1.196721
2.654682
0.619766
1.246796
2.252458
2.060767
-0.727553
0.905890
4.738375
0.998294
0.806338
-0.018959
2.598377
-1.317379
-0.123265
0.872147
-1.455762
2.819702
1.107300
0.752916
0.338621
-0.060542
0.640056
1.143998
3.556696
0.759772
-0.637098
-0.495518
-3.296629
6.107443
0.600252
1.290759
-0.771215
-1.214536
0.292058
0.527011
1.036070
0.559997
1.538246
4.945758
1.408678
0.104693
1.215563
-0.655797
0.866098
1.637439
1.637439
3.463845
0.532036
0.178825
0.779600
2.904983
0.677101
0.969779
1.845245
1.845245
2.017618
3.486321
1.810158
2.081572
2.602843
-0.140741
2.809335
1.361630
2.208919
-0.932270
0.231730
0.045901
1.483104
-0.863252
-1.195680
1.175870
0.888449
0.475471
0.848070
0.848070
1.998588
1.889281
1.786948
1.847008
1.268257
2.482336
0.492543
-2.028260
4.870897
0.679324
2.471691
2.184362
1.817280
1.348371
0.682903
2.861333
0.859060
2.740478
0.901052
-0.113059
1.060893
2.228798
0.711849
2.443473
-0.468037
-0.300140
0.021061
1.812517
-0.171731
3.101347
0.874078
0.813485
2.141063
0.517375
0.517375
-1.920325
0.562962
-0.260493
-0.564896
0.361335
0.366357
0.085346
1.755535
1.254001
1.806614
1.000864
1.054162
0.063621
0.596521
1.251690
1.841628
-0.450613
1.854461
-0.788795
4.811303
2.806040
1.342088
3.541704
-0.018264
1.890532
-0.630906
1.907048
2.047888
1.626036
1.482985
2.186960
1.902261
2.683237
1.716072
0.996291
2.806465
1.319150
1.220902
2.112599
1.213272
2.754120
1.778638
0.461391
0.461391
2.643424
4.442581
1.100048
1.422928
2.173624
0.607489
4.558755
-1.041306
1.120343
-0.216987
1.318699
0.785018
1.189037
3.369113
-0.399544
1.254999
2.146774
-0.925193
1.907598
1.907598
2.825693
-0.520661
-0.082207
1.388370
1.572474
1.572474
1.572474
-0.627035
1.027281
1.320784
1.084845
0.616771
3.800101
-0.083514
-0.083514
0.602416
-2.508778
-0.805853
0.936459
1.704172
0.095983
5.954037
1.661804
0.555253
2.967187
-2.022515
0.929358
3.544665
0.370644
1.724264
1.465372
0.585535
0.889912
3.269255
0.196444
1.035264
0.768726
0.768726
-0.554599
3.150927
-1.030357
0.859922
0.586508
1.964310
2.098634
1.583224
-5.058004
0.139892
-0.116237
-0.016554
-0.016554
6.984488
-1.683209
-0.083172
0.974088
0.975523
1.132712
0.480333
2.293801
2.293801
1.071787
1.129199
2.404465
2.007939
3.333541
0.192669
0.192669
0.787034
1.541535
0.444421
-1.901209
3.199817
-11.648128
1.798669
-1.634761
-0.197240
1.575120
-0.636104
4.957650
1.503839
2.122882
-0.066759
2.125634
1.096288
1.813488
0.909212
0.795755
-1.798635
2.149714
2.047561
1.838364
0.145245
-0.055827
0.679904
0.900068
1.987286
-1.123056
0.474347
1.591900
0.468397
1.586780
2.032924
1.488398
-1.342063
1.112164
3.261299
1.286825
2.560153
1.928995
0.744887
2.661618
-0.992956
1.501921
0.671399
0.671399
0.676242
1.083634
1.004791
2.329701
1.108402
2.354345
1.101269
1.018088
0.822464
0.822464
-1.262596
-0.935646
-2.112669
0.951192
-1.232100
0.277085
2.170873
3.863230
2.059066
1.813354
0.432762
0.432762
2.132584
2.167639
1.884340
-0.341902
-0.999493
-1.008117
0.554247
2.285093
-0.006740
-0.163315
1.581971
-0.534383
0.649971
2.594802
1.276201
1.223676
-8.163544
1.847572
6.114757
1.096729
-0.173488
1.080045
1.750781
1.349469
-1.159671
0.847636
0.608200
1.109522
-1.173120
2.174518
-0.930167
3.218629
0.765136
0.765136
-2.230530
-0.567320
2.069327
-0.399554
0.601975
-3.943252
-1.600419
0.193721
1.539332
0.995001
0.663236
1.892523
0.476702
2.943495
-0.761808
-0.776544
0.131773
-0.404483
1.573168
0.438896
-0.087557
2.406407
0.454299
1.933855
0.581314
-0.347129
-0.110619
0.847016
2.260528
1.348896
1.421942
-2.601894
3.471449
1.621229
1.957099
4.923930
1.573920
2.113754
1.377862
0.745259
1.780026
1.068897
1.176113
3.376970
2.655560
4.920442
0.551052
0.551052
-1.920428
0.190689
0.599053
0.744377
1.930356
0.520433
-1.185469
1.284303
3.990035
1.045860
1.027333
1.105298
0.521423
1.750094
0.579647
0.437671
-0.169282
0.796259
-1.531770
1.886302
-0.266061
1.491193
1.491193
2.040247
2.348290
1.116016
1.414235
0.882575
1.101358
0.930731
0.666630
3.657134
0.046109
0.299231
1.523620
1.330569
0.636839
0.873129
0.728705
0.728705
1.358388
1.791260
-2.162410
1.067713
0.578194
1.165341
-1.244630
0.328070
1.412517
0.822488
-2.072555
-2.770499
3.373528
3.668352
0.966320
0.514591
0.514591
-1.820582
0.590404
0.530262
-0.715244
2.207609
-0.669452
0.719017
0.719017
0.719017
-3.478545
1.342308
-0.398977
0.309484
1.481386
0.712102
1.227172
-0.680865
-0.538295
-1.136829
-0.577891
-0.792127
0.156877
0.788151
0.523252
-1.372805
4.363843
1.397244
-0.618197
0.854131
1.474523
0.866992
0.269322
1.795889
2.542491
2.112049
2.167837
-1.703289
0.749635
0.867244
0.849738
2.412001
6.829232
0.996281
2.268047
-0.118182
0.533830
1.562023
1.923466
1.362083
1.257515
1.453614
0.007030
0.113906
1.126241
1.782889
3.180975
3.295945
1.177582
-1.933846
1.127508
3.518603
0.955139
1.793065
0.535395
2.765431
0.479409
-0.436882
1.940392
1.940392
2.070510
1.131269
0.389805
-0.249899
-1.211207
2.322887
0.211991
2.784952
1.463488
1.522266
1.500509
1.625624
0.836312
3.370324
0.913810
0.195259
1.147098
0.676954
5.224059
2.157739
2.412634
2.363529
0.275125
1.291444
4.919407
3.188149
0.425131
0.584601
-1.488486
1.204894
-0.220875
1.037274
0.797412
1.456831
-3.896293
0.724436
1.462955
-2.035343
-0.444392
1.907018
-0.259086
1.201871
0.118586
-0.221986
0.630854
4.162514
2.012347
1.967130
-0.134326
-0.324694
1.198596
-1.753268
0.423342
0.362947
1.045315
2.384241
0.739441
-1.274301
4.533837
3.508728
-0.462310
4.070746
1.522148
0.104180
1.742312
0.578987
0.519680
-1.253034
-0.439719
-3.360851
0.754997
-1.805808
-1.385748
1.446205
2.349489
3.021923
2.861886
0.906133
1.125615
1.125615
0.301819
1.911287
-0.414487
2.676357
0.889887
3.930541
0.840360
0.498298
0.742442
0.719905
0.893877
1.718611
1.614846
0.733681
3.690978
5.447578
1.156924
-0.720683
2.065642
1.980196
3.717298
1.939650
1.939650
0.628997
0.546313
2.999889
0.281218
1.450385
0.775770
0.735812
1.385790
0.585793
0.531864
0.531864
0.441064
0.079913
0.702985
1.039203
0.675489
0.263414
2.272692
0.096194
2.888903
1.020172
1.020172
1.547787
0.668042
0.175483
0.800329
-0.224976
1.571313
2.293135
0.909506
-2.167009
-0.417515
0.054190
0.358479
-0.861780
1.495271
0.810545
3.579501
1.668519
1.960701
4.757359
0.806498
2.464893
0.582926
1.408792
0.189952
0.399175
0.670437
2.482865
0.920044
-1.077299
1.098087
0.912208
1.607177
0.239185
-0.037181
1.423497
0.948458
1.681596
1.984024
4.174479
-0.106694
3.144386
1.975888
1.712314
1.648601
1.648601
2.554339
-1.581522
0.619605
0.619605
-0.275834
3.473956
3.313907
4.339007
-0.163381
-4.128704
-0.858878
3.233799
3.234792
-0.879839
0.987706
0.987706
1.565227
0.596168
0.774306
1.034170
1.034170
0.175521
2.162064
-2.380450
1.521101
1.221530
3.383512
2.200000
-0.576227
-0.430255
0.101718
1.922395
1.215101
0.994289
1.337298
0.857415
0.484400
0.484400
0.815811
1.454094
2.264998
2.279530
1.289436
0.833784
-0.793309
2.468413
2.401348
1.115897
4.248845
1.690632
-1.424207
-0.698801
1.063097
2.150527
-1.159043
0.480492
1.819019
-4.174179
1.044722
1.177942
0.994515
0.104109
0.908417
1.164501
1.548589
3.135021
0.482306
0.398325
2.968134
-0.755978
-0.793052
2.168864
2.168864
0.929944
2.700883
0.848768
5.728962
0.829797
1.312262
0.354237
2.212426
3.590237
1.496891
0.448104
2.247048
0.537357
-0.068321
1.274257
3.473769
-0.730994
0.115495
1.235307
1.235307
-1.508935
-2.041647
2.400018
0.059708
1.216456
1.111380
1.271272
0.419564
0.347305
-2.836750
-0.051234
-0.051234
-0.051234
0.921397
1.993796
2.287425
2.357384
1.970918
0.295979
0.150580
-0.008177
1.916680
1.916680
1.493977
0.447882
0.970628
-1.543294
-6.387855
1.247548
1.393351
0.224760
2.493928
-0.045459
0.936974
0.980965
0.980965
0.854151
0.854151
0.395795
1.079324
1.969349
2.229357
0.688200
1.265036
1.269021
1.269021
2.168523
0.953517
0.953517
2.530424
2.546196
-0.964881
1.257298
2.185192
-0.696299
1.324369
1.536622
-0.276259
0.299355
2.774370
1.588129
0.627668
1.812193
0.799727
6.398277
3.576101
-1.795552
2.465690
2.200390
-1.597939
0.599981
-0.405603
1.354026
0.326520
0.840646
2.569961
1.479212
1.686815
3.036512
-0.476780
3.017872
1.474022
2.592229
2.902276
1.038665
4.226371
1.501240
1.223174
0.992964
0.333024
0.110903
0.747519
0.870897
-2.575887
-0.398676
0.908100
0.628650
-0.138148
0.252155
-1.438566
0.330153
-0.105335
1.526653
1.172266
-0.400409
0.238846
0.804427
2.044155
1.629990
-1.463419
4.657138
1.406028
0.370745
0.263507
-0.993212
1.488581
-1.216128
3.137143
1.789138
1.184301
0.640892
-1.825878
2.010316
0.771570
6.354585
2.048096
0.227130
8.917223
0.944705
-0.000494
1.823184
3.128698
1.265769
-0.384997
2.189782
-3.844371
3.099991
2.322175
1.664351
0.499828
-1.075686
1.223808
1.835427
2.984906
0.810967
1.508029
2.248807
-0.216316
-0.172167
0.871956
1.143865
0.192169
0.192169
-1.144547
0.633120
-1.967985
1.895808
2.836748
-0.511555
0.387059
1.363657
1.324332
0.960214
1.622337
1.762117
2.848409
0.791657
-0.718757
0.401127
2.035344
1.154839
2.193757
0.950432
0.220391
1.547685
1.997994
1.225542
-0.791462
1.265526
-1.950467
7.759571
-2.730017
3.042973
1.006191
1.602050
1.802749
1.400829
1.400829
1.955859
2.753851
1.650540
0.656210
0.750231
2.396731
1.899920
1.140315
1.375621
2.310195
1.353739
2.252946
-1.175802
3.174241
-3.036557
-3.515188
0.753681
1.382889
-1.097690
0.714680
1.272358
0.795667
0.227522
1.862572
1.633997
-1.994707
5.308599
2.689221
-1.603435
1.262849
2.484430
2.484430
1.217426
0.303411
0.540779
-1.190172
-0.925430
1.244717
2.130714
0.342671
-0.171409
-0.713118
2.661923
1.488177
2.335404
3.343396
-0.371893
1.384519
3.106035
1.300685
1.480303
0.800349
1.814793
-0.732797
2.728783
-0.863322
-1.195562
3.666402
1.821648
1.306308
-0.706831
5.024545
0.931354
2.215634
2.038794
1.734105
2.187965
0.332909
1.427716
-0.748842
0.949002
1.682234
0.626397
0.996397
1.590755
1.860661
1.351681
-2.480447
1.622447
0.361475
1.965239
0.170321
-0.095998
-0.719059
1.591903
1.071389
-0.943123
1.993409
1.803129
0.358291
0.975330
4.693294
2.214908
0.202038
-0.249860
2.202630
1.396634
0.121172
0.942232
1.046006
1.142820
0.831019
1.687816
0.722164
1.642536
0.932609
2.836441
-1.133419
1.458219
0.830959
1.761498
1.398368
1.398368
0.551700
0.551700
0.608355
1.927818
-0.703242
1.599553
-1.461994
3.961792
0.913907
0.208087
2.162463
0.709373
1.280960
1.333997
1.785151
0.415861
-0.553462
2.038904
0.967501
0.043718
-0.358597
2.833389
2.265724
0.505767
2.853254
0.594942
3.211982
0.050685
1.688392
2.368333
-2.891632
1.424299
2.365179
0.518780
0.445160
2.730093
1.467309
1.806407
0.247076
1.493260
0.637424
1.668993
1.631614
1.833197
0.710511
2.243720
1.226754
0.935511
0.617870
0.526486
-2.477522
-0.953072
2.144831
2.114062
1.462746
0.478827
-1.207275
-0.427033
0.179009
0.777648
0.439150
0.219988
0.563292
1.437334
1.437334
-0.422592
-0.032740
0.435629
2.942035
-0.869264
0.159832
1.198044
0.400735
0.249403
2.131921
0.617396
0.617396
-0.490485
0.813495
-0.707619
4.314607
-0.126160
0.164682
3.828995
1.625450
2.114685
-1.021536
2.318737
0.988240
0.988240
0.707507
0.613794
0.250488
0.633414
-0.145916
-0.652055
1.688348
2.200560
3.029109
2.445723
1.040183
1.040183
1.014384
1.014384
0.136543
-0.909909
-1.252180
-0.321992
0.971845
2.026089
2.026089
1.610092
5.291787
2.858508
-0.080521
1.032285
1.032285
1.620945
1.239807
0.139182
2.506254
1.021695
4.047268
1.416807
1.445612
0.330609
-2.049528
0.334044
0.826226
2.129875
1.791983
1.773069
1.227893
-0.097437
1.495190
2.316801
1.032846
1.032846
0.767182
3.635018
0.961501
1.983429
0.301365
2.002466
1.717375
-0.017297
-0.017297
0.622139
0.859238
0.939205
2.429656
0.318952
1.303414
1.078273
0.811914
-1.282322
2.397745
-5.000864
-1.119877
0.286738
1.016938
1.016938
1.619479
1.022873
0.590666
0.900766
2.279961
2.368337
7.406193
0.849359
1.485575
1.801655
2.446275
1.349396
-0.611094
-1.286067
1.918908
-0.175776
0.818644
1.328101
2.083568
0.794964
1.159362
1.197165
1.314471
0.464447
1.118223
1.328787
1.088683
0.530820
0.909809
-0.261108
2.681315
2.071706
1.964794
1.762611
-0.356026
1.665613
1.985770
-1.629098
1.041234
1.193940
1.856821
-1.506949
2.436885
1.738874
-2.540233
2.162154
-0.498817
0.322130
2.236523
1.181861
-1.013012
1.742036
0.856048
1.307961
1.127271
1.127271
1.127271
0.309553
1.804238
2.166355
0.068495
1.484147
2.487547
2.450101
2.720335
0.471495
0.666653
0.969621
3.544927
1.650994
0.245960
0.245960
2.246671
2.924670
0.596446
0.569187
-0.358337
-7.113733
1.311927
1.741115
4.915980
1.320534
1.559102
-0.766768
1.503362
4.005716
1.809427
1.388321
1.388321
1.130344
1.618882
-0.079655
6.522174
1.528569
1.365548
1.905594
-2.080144
1.974610
1.107088
1.107088
0.437648
1.533687
1.907315
0.813641
1.129846
1.201478
2.375148
1.801512
-0.332103
-0.367677
-0.162063
2.906271
-0.496571
0.914123
0.295937
0.958034
0.554988
-1.419146
2.024058
1.545468
0.188202
2.498051
3.237387
0.553388
2.601137
11.134520
4.732671
0.352682
0.457823
4.501795
2.718107
2.560734
1.223076
2.958984
2.598159
1.214308
1.892464
1.892464
1.482995
0.394244
0.384600
1.265268
0.681653
1.006885
2.408589
-0.512171
1.119775
0.300305
-0.181301
-1.550191
2.118260
-2.577623
1.283351
1.283351
3.379461
2.470027
0.652516
1.438523
0.410237
0.818150
0.965665
-0.294776
-0.243702
0.408589
1.540166
0.537084
1.132038
1.637690
0.950968
0.548070
-0.120602
1.112610
1.112610
1.516571
1.516571
1.276273
1.276273
2.579512
4.370623
-0.363692
0.698313
2.325185
1.779789
0.734467
1.894943
1.309511
0.862348
2.274753
1.428839
0.831730
1.324597
0.841287
0.841287
1.339371
1.536623
0.009504
0.983393
-5.693385
1.953358
2.300841
1.310825
1.744659
1.587591
0.331210
0.370617
0.110650
0.547848
2.461762
1.735795
-1.709020
0.716236
0.716236
3.946102
1.207399
0.867665
1.614001
0.678024
0.781013
0.781013
1.595475
1.456933
0.995955
-0.172678
0.639634
2.349555
1.114388
0.140627
0.845766
2.042121
0.746315
1.810892
-0.679545
0.562534
-0.002293
2.582182
1.569488
2.151496
-2.886905
-0.574284
1.371373
-0.256657
0.423339
0.555503
0.137381
-1.716649
1.356309
0.273438
0.075030
1.796154
4.065771
-0.453000
0.594906
0.594906
0.306761
-0.256993
1.257861
1.319181
2.582623
0.328879
-1.778510
0.373036
3.181988
0.540437
2.166255
0.143825
2.245081
-0.691628
2.880116
1.133908
2.493381
1.491529
1.491529
0.530844
-0.836086
1.753189
3.799914
1.662805
-0.309895
2.666541
0.156937
0.907085
0.798077
0.257266
-1.913016
0.848622
-3.235331
4.568158
0.402964
-0.197760
1.759280
-0.320417
1.505842
0.590975
1.471803
1.575179
1.520024
0.665162
1.498950
0.453609
-1.384183
1.339555
1.133082
1.449689
0.146512
1.558375
1.672079
2.069998
0.024968
2.257993
-1.303011
3.826018
0.250273
3.228716
2.232031
2.045357
3.087421
1.867533
2.349955
1.565179
1.963268
-0.118533
3.043259
-0.378684
1.718907
0.262101
3.743246
3.374301
0.635726
-0.725503
2.606245
-0.790079
1.643744
0.123551
1.746823
1.085448
-1.139611
2.093096
2.342346
1.229377
0.609243
0.994261
0.327396
-0.788681
0.717529
0.225888
0.129894
0.863699
2.642620
0.522528
0.983753
0.384296
2.622530
1.269543
0.328143
2.394939
0.021355
-0.202669
-0.544436
5.642551
1.174598
3.157765
1.404162
1.404162
0.347636
1.305888
1.328574
-0.210110
0.635849
2.028187
0.165101
-1.228538
2.295527
0.209209
0.343177
1.239933
1.963128
1.150266
1.087449
-0.753541
1.727381
0.401490
-2.857700
2.857232
1.159370
0.063671
0.309676
1.602479
1.602479
1.602479
1.330486
-0.550283
-3.735102
0.215461
1.601922
-1.467551
2.881517
1.382338
-0.690943
1.288204
-0.986991
2.532189
-0.278054
0.530699
0.382622
0.382622
0.920961
3.387395
1.718605
4.186998
1.597263
0.478441
1.580716
1.127572
0.679957
0.794155
0.629044
1.480883
0.556047
0.556047
3.070548
0.691528
-1.351616
1.003605
-0.396872
0.409108
0.409108
0.409108
0.409108
0.903940
1.917677
1.054614
3.261218
-0.148827
1.269699
-1.347055
2.666604
1.021436
3.658794
0.207067
1.366382
2.169420
-5.327668
-2.738776
0.699222
0.314325
2.244834
2.849324
2.015362
1.300985
2.541498
1.334411
0.337705
1.810576
2.047251
1.096542
1.511854
1.390033
1.402445
0.264371
4.394715
1.095255
-0.195193
1.195651
-0.494132
1.995534
1.995534
1.782140
0.894148
1.978079
4.469416
1.446586
2.730780
0.279753
-0.413265
0.195824
1.155218
0.690095
1.037380
6.583339
0.278801
1.161356
-1.872163
1.446731
1.446731
2.034064
-0.239808
1.190448
1.524581
1.524581
1.524581
-0.026108
0.290451
1.820964
1.258637
0.920586
-0.424907
-5.147480
3.515191
0.991948
1.379945
1.379945
0.621074
1.283367
-0.582925
-0.018848
-3.815675
0.045691
0.554670
0.813232
1.642363
1.014369
-0.760260
2.142393
1.667434
1.543157
-0.315649
0.669790
0.995964
-0.193281
0.730392
0.141098
2.327551
1.312730
1.371232
-0.909297
-0.068729
1.616287
0.579043
-0.601038
1.319955
1.320103
1.320103
0.284071
-0.547058
1.185092
1.829920
0.857184
1.093313
1.093604
-0.097895
0.815747
2.018662
1.865721
1.865721
1.556347
1.556347
1.256309
1.460596
0.511980
-1.576821
-0.882587
3.297429
0.837331
1.033956
-1.219848
0.585997
0.585997
-0.037475
-0.399009
1.614740
3.558598
1.666076
1.113370
1.072704
1.993986
2.545740
-1.111269
1.687503
1.877898
1.543837
-0.929086
-0.470491
-0.326607
0.844082
4.147979
-0.446440
1.177096
0.142153
-0.757606
0.577938
-1.667540
2.876759
-0.095143
2.142451
2.731451
-1.027456
0.998296
0.998296
0.998296
1.274678
-0.121081
0.626563
4.196910
-1.127160
0.749861
1.878107
0.098479
0.677832
0.835695
2.708906
1.273399
0.609515
1.453968
2.080863
3.318124
1.125232
1.737726
3.318178
-0.637536
1.578864
3.338061
2.146160
-0.889239
1.051019
1.764935
2.394973
0.948974
1.544338
0.323539
0.531476
1.683155
-0.466471
0.344310
0.840490
1.186567
1.850186
1.078847
1.823995
1.499038
0.955387
-0.933120
-0.897852
0.183090
1.285480
0.778265
5.182775
0.151897
0.845330
0.153043
1.879291
2.166449
0.551766
1.448364
1.715279
1.912596
1.912596
0.650447
0.650447
-0.526069
0.451654
-0.060607
2.464479
2.847074
0.870344
-0.250407
0.627887
1.154727
0.619886
-0.694377
1.216915
4.080374
-0.891904
0.974654
4.553605
0.441903
0.114208
1.882379
1.248701
2.308766
1.623740
1.623740
0.949190
2.820048
2.138406
-0.145551
1.177498
0.765281
-0.180612
-0.570712
0.990813
3.082646
-0.727408
1.063133
1.677069
0.637371
2.506939
1.948960
-0.023256
-1.760803
-4.207992
1.132486
1.132486
4.200253
2.515128
-1.358699
0.376515
1.963812
2.445674
1.452592
2.066582
0.218928
-1.458517
0.751044
-0.999017
1.746804
0.938963
6.689090
-2.147522
2.620313
2.272737
1.603935
-3.054270
0.163121
0.163121
0.691882
-0.191742
1.722468
0.254502
0.654413
-1.488077
1.253403
3.943757
-1.488430
-0.281710
0.537386
2.753521
-1.163563
2.868496
0.484889
1.599242
2.825197
1.557342
0.778095
2.276429
2.152673
2.152673
0.791246
1.068139
0.564838
1.167223
1.571935
1.076055
1.750844
1.838257
-0.670173
-8.360941
2.466578
0.595235
2.184357
-0.846581
1.659908
-4.174311
1.456550
0.511193
3.637138
-0.400570
-0.513197
-0.513197
0.435367
0.980530
0.980530
1.309738
2.126768
0.258000
1.504293
0.117494
0.087827
1.061777
-1.389029
1.428721
1.158587
0.847328
1.004489
1.732512
1.097444
-0.113573
-2.025880
1.241971
4.042059
4.150225
1.043979
1.043979
0.104640
2.641072
-0.033255
1.394792
1.267323
0.883910
-0.727746
1.768734
0.819189
0.819189
-0.506765
-1.212705
1.406942
1.781597
1.136495
0.978474
1.079612
1.883910
0.464935
-0.001281
-0.115746
1.184510
0.109332
1.612419
4.728402
-0.567571
1.848869
0.055926
1.982386
2.576333
-0.674042
-1.516399
6.129874
-1.177973
1.849680
0.572910
0.168053
2.354191
1.751962
1.174267
3.023348
1.234511
-1.099518
2.488594
-0.407629
1.445556
-1.226621
2.743606
2.761030
0.800318
-0.618275
-1.258560
1.338895
-0.057687
1.671754
-0.021432
2.654713
1.612627
0.421714
0.865829
0.865829
0.865829
2.016377
0.337751
0.656156
1.668523
0.833452
3.311574
-0.088448
-0.165024
2.663810
0.605741
0.263006
0.332613
0.976680
0.789785
1.244023
2.866402
1.687591
1.025693
1.325933
1.212550
7.942434
-4.258913
2.397812
1.463689
1.463689
1.485188
1.395106
1.735764
0.518538
0.518538
0.831746
-0.355891
-2.325874
0.429633
0.463646
0.650449
2.466479
0.807315
-0.069020
4.779372
1.491981
0.848107
0.609371
-0.166261
1.526197
0.862960
0.587522
1.711407
0.808250
1.421001
1.174392
1.174392
5.151244
-0.695859
0.927281
0.815243
0.236957
1.669055
1.219940
2.040106
-1.706782
1.943923
1.731486
1.605912
0.143470
4.133997
1.253094
1.966760
2.980260
0.054600
1.482033
1.482033
2.687693
1.827660
0.701500
-1.165477
0.525683
0.592937
0.071330
1.713612
1.263084
1.065691
0.276745
3.731328
0.746962
-0.656684
0.288192
1.570283
3.144837
1.502794
-2.089635
0.436218
-0.082524
0.066600
1.928664
1.971698
2.063132
1.224283
3.267841
1.900129
5.579932
0.675007
1.679102
0.047905
2.230541
1.049961
-0.320478
-2.394787
-0.213466
1.915741
1.050168
2.185592
6.935661
3.537791
0.863486
0.863486
-3.197411
0.096865
1.820233
2.316100
5.422620
3.351879
-0.911901
0.106581
2.212240
2.212240
1.587621
-2.564240
-0.020696
-0.184719
1.443632
0.854465
0.406711
2.743520
-0.162493
1.193744
1.034391
-0.142525
2.358013
-1.237815
5.765250
0.123774
3.079654
1.341851
4.974860
-0.477828
-0.362046
0.903305
2.558522
1.588213
1.451165
2.162907
1.872160
0.425388
1.398577
4.632115
1.905251
2.557806
1.651414
0.427839
2.019051
1.217795
0.735089
1.074910
-0.194286
2.293242
1.119124
0.155724
0.696467
3.862630
1.225746
-3.264081
0.775598
1.697526
0.720210
0.122863
2.361790
0.823901
1.258879
1.581831
1.837873
1.708598
0.399246
-2.327756
-3.241617
2.928320
2.928320
1.402469
1.337304
1.216061
0.420798
-1.392283
2.004925
2.843042
0.470527
5.740695
0.704098
-0.802433
-0.196698
0.404957
1.760111
-0.370748
1.796389
1.796389
1.324233
-0.305844
4.062955
2.688438
1.754325
0.556256
0.505082
-0.348260
2.927782
1.012153
1.120546
0.123293
2.260217
-0.858616
4.533525
0.821347
0.688770
2.067427
1.279805
-1.172651
-0.994128
0.663581
0.663581
2.301487
-2.531635
3.111166
2.189365
-0.942958
2.084095
-0.152671
1.851072
-0.127117
2.784379
1.640842
2.140704
2.905581
-0.112261
4.250023
1.657172
1.158562
0.723015
1.848936
-0.580265
1.361771
1.361771
1.361771
2.935172
1.840586
-0.095220
-0.416631
-0.000431
2.363419
-0.171673
1.823258
1.275310
0.863083
0.656329
-2.128200
0.013264
-1.260147
0.924499
0.556495
2.356338
1.477280
1.118746
1.509660
-0.128767
1.306767
1.341400
0.278755
0.278755
1.612293
1.513154
-0.298298
1.467679
1.285398
1.072773
0.934040
-0.165286
-2.565851
3.339855
-0.311194
1.236490
7.433832
1.138822
0.547351
2.091030
0.724616
1.172809
1.172809
2.750480
1.072261
-0.097261
0.710618
0.045588
0.980915
1.432235
2.325818
2.581195
-0.251706
0.698796
4.711030
2.246324
-0.621361
1.549063
3.187289
0.633156
-1.246438
4.152813
-2.442771
1.023967
0.734031
0.734031
-4.377976
-0.450659
2.050185
2.135248
1.899986
1.130902
0.450903
-0.171402
4.089381
5.545566
0.203369
1.034785
-1.405987
2.012801
-0.744074
1.509943
0.363269
1.377583
1.255606
-1.195243
0.883398
2.019393
-0.176362
-3.452132
-0.924006
-0.629344
0.121104
0.208859
3.675378
1.433869
0.946157
2.318698
1.598364
1.094724
-0.946092
-1.625184
0.537432
4.306904
-0.271180
0.334159
-0.697902
0.029926
1.535121
0.067990
1.313602
-0.010378
-0.010378
-1.738577
-0.686155
0.441078
1.440111
1.607199
-0.207472
-0.698067
1.237515
3.448659
0.408737
-0.073326
1.073456
0.740864
0.324709
-0.457828
2.198676
0.620382
0.877378
0.877378
0.425966
0.858747
1.332914
-1.316832
1.377603
0.488422
1.426620
1.796460
5.500841
0.096659
2.181636
1.688962
2.117750
0.639064
2.853479
1.280031
3.194619
0.501295
6.509177
2.569501
-1.467904
1.285167
-0.214029
1.456425
0.913411
-0.037143
-1.307522
-0.293981
2.102904
-0.671206
0.663966
-0.269474
2.990344
0.844412
0.707731
0.689955
2.820483
2.126010
2.126010
1.485603
1.540201
0.195606
4.758972
2.005945
0.663281
0.721968
-2.641789
4.094329
2.361474
1.430550
0.232237
0.244279
2.309229
0.937652
0.066354
2.565377
-0.907100
1.135273
1.135273
3.529713
1.575367
1.052075
1.370272
3.241071
0.723778
0.736796
0.993703
0.606098
0.828117
1.910719
1.191822
2.850006
-0.078013
0.627330
-0.432481
1.236700
0.586300
0.526576
0.654410
6.390162
-0.013507
1.611341
2.005438
-3.949558
2.641563
0.598526
2.208669
5.197195
-0.458740
0.476493
0.734628
0.523659
0.739898
0.952851
0.952851
0.952851
1.143646
1.143646
0.587270
0.831300
1.826344
-0.636239
0.868855
1.891178
0.438287
0.452140
1.633846
1.673633
1.459477
0.129146
0.825487
0.566652
0.451787
1.388150
-0.174742
0.590958
0.682221
0.461803
0.495856
3.007088
-1.282416
0.388679
1.751793
2.428016
-0.026449
1.769610
1.326496
-0.703062
-0.270583
0.390633
1.906926
3.604257
-0.358683
2.563514
1.560206
-0.252426
0.176659
0.996200
4.683599
2.193115
0.577780
0.416302
1.436997
0.535427
1.447915
2.414992
0.605701
0.679140
0.679140
3.615726
1.554118
1.312583
-0.267421
2.548906
-0.742151
0.686645
-0.896969
1.206506
0.147274
3.383452
-4.139606
0.142159
-0.061663
0.262719
-0.176970
0.630763
1.603289
0.991645
1.140484
2.282231
0.291802
-0.326281
-0.924565
1.190228
0.749983
-1.352840
0.689074
0.470654
3.108660
0.717821
3.827862
1.523861
3.638943
-2.227534
-1.320862
1.456702
1.456702
1.456702
0.226444
2.865186
2.200422
1.121306
1.691281
2.103828
2.434391
2.323100
1.546043
0.456769
1.537866
1.537866
0.825040
0.825040
0.280853
0.280853
1.322940
-0.038477
0.966040
-1.105235
-0.195914
-0.428237
1.259541
0.796657
1.119570
0.027369
0.485153
0.440239
-0.359921
1.379179
0.400249
0.877864
0.877864
1.261078
0.924548
1.077932
1.077932
1.077932
4.890149
0.032736
0.301442
0.616502
-2.061801
6.607403
0.769404
0.769404
5.104201
1.241741
1.131237
0.187983
1.102735
0.460207
-0.493496
1.178962
-0.655694
3.637061
0.838763
1.630068
0.641960
0.890225
-0.541563
-2.815877
3.451853
0.449690
1.091821
0.521690
0.204872
1.349150
1.059560
2.999177
0.499562
1.586776
2.022167
-0.291354
2.181024
0.434942
1.692203
0.844673
0.844673
1.655742
1.799239
1.435147
1.827117
0.602993
4.310831
3.681792
1.025428
1.949484
0.603821
0.899924
1.405554
1.232591
0.525176
0.583568
-0.102006
-0.115010
3.381584
1.825233
1.011142
1.498498
2.038945
0.973351
2.101854
0.395207
0.656135
0.371516
1.102113
1.335367
1.449917
0.408755
1.643496
3.285147
0.867528
2.149282
2.626630
-0.016781
0.576368
0.687148
0.995373
1.591557
1.170328
4.413990
4.185642
0.989567
1.415983
4.162141
0.400143
3.665626
-1.047862
3.176641
1.606374
0.546020
1.232913
2.148102
1.317888
1.002545
4.444979
1.171395
0.294735
0.191345
2.025524
-0.010322
0.332520
2.478197
-0.799805
2.305146
0.057155
0.069303
0.290993
1.001592
0.756292
-0.769210
1.240991
-0.174628
-0.372356
-2.657654
1.375929
0.577922
0.577922
0.577922
-3.817887
-1.283073
0.815429
7.483054
-1.849044
1.397439
1.397439
2.035371
2.654716
1.693527
0.702912
2.230242
0.832309
1.497457
1.497457
-2.031825
-0.662890
-3.056458
-0.234804
-0.740867
0.752587
0.502946
-0.406075
0.533780
1.916702
-1.020889
1.942619
0.988901
0.406097
-2.098485
0.608663
0.608663
0.594717
2.505451
-0.984318
0.265872
0.911847
0.907026
1.785205
1.785205
-2.184841
2.185850
-0.257465
1.891579
1.977681
2.350740
1.315908
1.456519
-0.430474
1.380312
-1.004637
1.548640
0.595627
-0.480294
-1.027282
-0.961289
1.175244
1.772386
1.772386
1.875948
1.043989
1.113320
1.721391
1.296870
1.168476
1.899267
1.172911
2.707762
2.846381
-0.312008
-0.312008
0.198878
-0.139597
2.601071
1.927814
-0.119068
1.051095
1.973041
-0.140808
0.990840
1.008345
-1.153414
1.899691
1.725140
1.193613
1.590327
2.616443
0.302289
3.118246
0.433151
2.017310
1.596623
0.695606
0.052976
0.052976
4.995572
1.286678
1.438769
0.516312
-4.136340
1.120124
0.115621
1.453407
0.540280
1.279712
0.658760
0.658760
1.269858
8.718297
3.479122
1.060098
1.985434
1.662287
1.772522
1.561533
0.662000
2.415929
-0.268237
1.764655
0.178176
0.764340
1.373649
2.692045
2.614563
0.562494
-2.438915
1.675349
3.308569
0.652379
-0.046903
0.932969
0.571691
1.105487
2.671549
0.882211
-3.158006
-3.165723
1.534095
0.522913
2.230617
3.674838
1.834115
0.102147
0.095138
0.682780
1.039199
2.133976
0.274698
3.378010
-0.459618
-0.543969
0.569971
0.636687
4.554473
0.758272
1.320789
3.995822
1.384400
-0.842009
1.833299
-0.442063
2.159559
1.569631
0.363669
0.063607
0.921477
-0.040277
2.140436
3.131469
0.380714
0.232946
1.355042
1.382040
2.179821
0.180580
0.180580
0.109219
-0.218102
2.726751
-0.119027
-0.119027
0.908305
0.977855
0.139855
3.320610
0.434745
0.329428
0.401190
5.883266
2.649801
4.166352
-0.701210
1.197022
0.489375
0.206769
1.315045
1.247384
2.128512
2.652584
1.418574
2.765512
2.137114
1.574200
4.835280
1.007105
-0.234609
3.104947
1.448142
1.377284
1.889417
-0.367903
0.722969
2.136854
1.470547
1.470547
0.567178
-1.031814
0.353164
0.353164
0.660136
1.579807
0.014379
-0.944285
2.015611
2.015611
1.220965
1.191406
1.636634
-1.184134
1.988353
0.860592
-0.261557
0.750518
1.362832
-0.271359
2.448678
6.894191
-0.302397
3.202782
0.476251
1.206464
1.277636
-2.155769
1.195323
0.476049
0.415481
-1.113514
0.496728
0.496728
-0.655052
2.524835
0.487860
2.166100
-0.089631
-1.206426
0.090419
3.059260
-1.281237
-0.073345
-0.073345
-0.073345
1.256602
1.261119
2.613787
2.363687
1.792960
1.792960
3.135012
-2.768975
0.393718
-0.674603
0.589150
-0.419757
-0.419757
1.398583
0.543965
1.266876
1.238774
0.585326
-0.147340
0.697481
0.697481
1.088948
1.865226
1.204786
-0.686009
3.343849
0.460294
0.724665
2.124154
1.011141
-0.278843
0.544200
2.409940
0.720685
1.167353
0.765591
1.472329
3.347655
-0.455689
2.307766
2.274100
-1.968884
-0.747918
-0.907672
1.075508
0.213497
2.596185
0.732557
2.011431
1.070926
2.129103
0.381166
-2.015546
2.765989
-1.027761
-0.682102
1.536780
-4.351412
1.482299
0.416778
1.171965
0.909941
0.206534
1.549858
2.079478
2.088373
1.179669
0.097921
2.690934
5.404355
0.321886
2.225985
-0.691276
1.201627
1.762800
0.532630
-1.534523
0.213588
2.304546
2.289752
1.111486
1.111486
0.427723
1.025203
1.025203
0.284051
1.031893
1.031893
1.575399
-1.197047
0.252464
1.116538
1.116538
-0.267380
1.699173
1.091389
1.790914
1.378028
-2.237396
-0.709311
1.647916
1.021856
1.260845
1.260845
0.720955
2.604166
2.940018
1.949742
2.794235
0.698021
0.717322
-1.521527
-2.157594
1.286825
1.286825
1.591939
1.591939
5.382603
1.108382
-0.626761
1.696970
1.417975
1.207763
1.207763
2.021732
1.894215
0.569562
0.818774
1.273814
3.802367
-0.265199
3.166254
2.736764
1.044978
1.230341
1.156410
-2.556362
0.237042
2.251830
0.161906
-1.554356
-1.573344
0.744359
1.120748
1.401089
0.208943
0.682372
3.033074
1.229446
-0.142323
1.317055
0.406951
3.051474
2.374197
-0.154990
2.536022
1.417342
0.422430
3.551396
1.282432
0.302794
1.803626
4.063665
-0.669488
0.994810
-1.441681
0.179136
2.580931
0.861708
1.443213
0.287514
-1.653559
0.597823
0.448747
0.855173
0.693569
0.693569
0.612267
0.466492
1.070170
1.070170
0.515578
-0.755349
1.640539
-2.380652
-0.250847
0.435806
-0.100606
-4.457841
0.446622
3.257760
-1.403643
2.471446
3.799113
0.092751
0.554732
0.448454
2.064422
0.489113
-0.191339
-0.740699
0.128578
3.800395
1.523685
0.843447
0.646852
1.753426
-0.359425
1.041702
0.826237
2.436484
-1.336598
-0.748123
5.103825
-1.109938
0.885128
0.741989
0.505238
0.751196
2.481511
3.930801
5.750019
1.226495
0.520726
0.532738
0.407978
0.055282
1.030427
-0.474172
-0.320254
-0.020292
2.338406
1.507988
4.348204
0.537114
0.756187
1.118833
4.273652
0.415091
0.626515
-2.592342
0.876792
1.586662
-0.040923
-0.356193
-0.356193
0.128088
-0.365851
-0.411705
2.214054
-8.497831
1.436772
0.971359
1.060583
0.217187
2.356344
1.780445
-12.639831
0.140324
0.699525
1.061274
0.297489
5.767898
1.248686
2.348393
2.348393
0.164981
-0.906081
2.717381
-0.154892
1.763058
-2.715035
0.527891
2.061582
1.636465
2.076261
-1.636748
2.057808
0.150923
-1.495469
2.769245
3.077807
1.979395
-0.591293
1.096506
1.096506
1.096506
0.043520
1.435756
1.255787
-0.316517
0.463390
2.561969
3.534363
-0.179176
3.326555
0.080665
1.114859
0.488023
0.543800
2.701760
1.248425
-0.920916
2.614505
2.614505
-1.635822
0.566030
0.566030
-0.420234
-2.583882
-0.087259
-0.357372
0.847819
-0.311925
-0.800146
-0.452001
-4.833273
1.303457
1.080445
1.080445
1.580305
2.365965
1.165080
0.604707
1.753201
4.834278
2.416939
-0.410338
-1.285907
1.806533
0.405065
0.069680
2.950676
2.180063
2.478599
1.644746
2.059861
1.189314
-0.641203
2.200484
2.234193
1.643794
4.057528
1.930079
0.649693
2.084528
1.470235
0.264438
0.695848
1.497492
1.262718
0.625565
0.208014
-0.998785
5.596679
1.591564
2.545271
1.941915
-0.888845
1.001624
0.937804
-0.494492
1.776425
1.477057
1.625773
1.067732
3.345671
1.180766
1.256414
-4.255691
3.080055
2.476489
0.254331
1.406917
2.026528
2.009677
0.164553
1.216198
1.452144
0.930129
-0.342523
1.349883
0.056922
1.898833
2.050492
1.908221
1.494861
1.356658
1.947896
0.731872
1.220903
1.129526
1.250105
-0.088240
1.986730
0.162089
0.710045
0.694142
1.665446
1.619120
0.085235
0.577982
0.751689
0.723462
2.970116
1.567196
1.772041
0.891089
0.774054
-1.175297
0.542929
2.174025
1.546316
1.170970
1.555593
1.477889
0.911408
0.796619
-0.077416
-2.643147
-1.437538
1.241321
2.729850
2.013334
0.786970
1.009671
1.009671
0.838798
1.247786
-0.896453
2.504082
1.437695
2.272247
0.114335
0.388327
2.516489
2.587758
0.184264
-5.589874
2.349888
1.830234
0.814084
1.140153
1.808116
0.329653
0.329653
0.038357
0.963724
1.374554
1.015097
0.222185
-0.588531
0.906372
3.948031
-3.682097
1.700791
1.269714
2.760518
2.461371
2.636496
1.646799
1.614875
1.614875
-0.245970
-1.521027
0.650555
1.437812
0.089533
-1.669022
0.588407
-0.447331
0.385391
0.466318
-0.327814
-0.205741
-0.226347
0.728261
-0.445567
2.175090
1.730448
-0.788104
2.021852
2.027374
1.178994
1.425467
-0.872304
0.441125
4.017290
1.408032
-3.940117
-1.434154
-1.762159
-0.136464
0.824719
2.843521
2.365102
0.934681
2.429333
0.330426
-2.154537
-7.588514
0.431509
1.085178
1.538085
-1.124532
2.072292
2.839195
1.467124
0.916686
0.088113
0.425489
-0.079979
1.047966
2.303478
2.091280
2.671636
2.629387
6.940747
1.075640
1.312896
0.881386
1.132506
-0.416879
-1.497552
0.581782
1.890585
-1.178810
1.513959
1.293514
0.970008
0.970008
4.747713
-1.032312
0.064883
0.064883
2.752054
3.902748
0.474978
-0.401838
1.212902
0.842399
0.842399
-0.097514
-0.097514
1.394348
1.226256
1.390423
0.854897
-0.092131
1.369219
1.847643
1.758451
-0.811708
-0.268771
0.494642
-1.589918
0.730190
1.406720
2.028824
0.906764
-1.520231
0.819876
0.460655
-1.846027
1.374519
0.773283
1.542357
0.867923
1.732761
3.065194
1.438555
1.412980
0.360222
2.202278
0.950811
1.800652
0.537062
1.387732
0.563864
0.615930
0.357127
-0.947383
-2.942653
1.212958
0.116557
0.548393
-0.014057
-0.014057
1.098570
1.618924
0.127510
1.282197
2.534409
0.335538
0.335538
1.472285
0.030299
3.134790
0.074869
-4.804123
0.410145
-1.003775
2.685003
0.683871
-1.049319
0.385758
0.379167
0.366664
0.973515
0.973515
1.167335
2.295382
1.757213
5.146883
0.100877
-0.108576
-0.415948
2.211349
0.330414
1.771087
2.039840
1.165623
1.307629
1.179552
0.496411
1.450043
0.544301
-0.414000
-0.109831
-1.465120
0.020517
1.777479
1.795501
0.617571
3.621017
1.338419
2.471436
0.410727
3.976518
2.220852
2.364725
0.849955
0.849955
1.469319
-0.118071
0.282756
1.033233
1.207948
-0.848536
1.637332
0.703362
1.618571
-0.801172
0.883515
1.083634
2.522848
-3.876816
0.825623
1.612842
-0.844019
2.045453
2.272814
-2.377205
3.374078
0.201620
-0.115535
0.378770
2.907488
0.637173
0.786213
0.827631
2.481982
1.742546
1.759516
1.809381
-0.465387
0.545274
-1.763741
1.430430
1.207787
1.207787
1.188372
2.732498
2.620712
0.897145
-0.210763
1.568802
0.899558
1.655939
1.357252
2.425191
2.912769
-2.787674
1.621027
0.758940
0.758940
0.028825
0.593097
2.631878
2.377521
2.753037
-3.872903
3.031207
2.547954
-0.333779
3.548139
0.731789
0.048973
2.253430
1.041984
1.033242
0.706141
5.354755
0.642329
-0.376289
0.403147
1.132543
0.958187
1.531405
4.094347
0.612274
1.187835
1.088112
3.121869
0.407348
2.641668
-4.795290
1.763787
1.238279
1.189890
1.915114
-0.033182
0.868786
4.996092
1.992967
0.161014
0.886368
0.979515
3.432872
0.457620
3.605635
1.469823
1.659712
0.612021
3.283185
1.426746
2.891843
1.386412
4.121568
1.434840
1.039539
1.039539
-0.030000
-0.433844
-0.881092
-1.012996
-1.017784
-1.306487
3.775091
1.228849
-0.907892
1.821621
6.036247
5.350459
0.118508
-0.070302
2.866571
0.307490
1.888355
0.751674
1.112734
2.214161
1.012725
1.690420
0.904185
1.706376
0.012641
4.451143
3.856017
-1.508718
0.782501
1.486184
-1.374204
0.251673
1.224356
1.824829
1.824829
-0.711965
0.862541
1.370414
1.793508
1.637284
1.085999
1.085999
-4.218970
1.223699
3.262271
2.226393
-0.212621
0.074402
1.041565
1.041565
0.829681
-1.219840
0.877202
2.475722
2.462139
2.871107
0.818910
2.195638
1.042376
3.429834
2.371887
-0.331939
-0.451970
1.670834
1.316951
1.246090
0.193677
-0.821407
4.155008
3.626419
0.038119
0.104750
-0.356482
1.735161
-0.004174
-0.004174
2.557522
0.643209
0.676253
0.676253
0.650693
-0.824613
-3.075089
0.889753
2.292368
1.220603
0.416239
1.453065
1.009670
-0.489552
0.538251
2.042220
1.029952
0.435582
0.188302
0.427388
1.759319
0.663859
0.032066
1.781420
0.716465
0.716465
0.897537
-0.406907
1.483212
0.467114
2.065372
0.800022
0.341670
1.457151
-0.509214
1.498903
2.868764
1.492548
-0.256638
2.421258
-1.356530
0.234521
0.832497
1.063280
0.109763
1.971538
0.642470
2.045724
2.216261
-0.532147
2.792970
0.711761
-0.284452
-0.190624
3.460140
0.287794
0.748682
-2.327384
0.806233
3.197669
1.513104
0.648119
0.648119
2.340932
0.474427
1.278774
1.598439
0.677102
-0.481469
0.982939
1.301606
1.301606
1.039411
1.097233
2.463503
1.989960
0.060149
-0.245517
-3.892724
-0.807104
-1.343806
-0.634007
0.938406
1.351308
0.474331
2.043894
1.419776
-0.144622
3.403929
0.213696
-0.053840
1.120402
-0.229613
1.441331
3.965551
3.295459
1.871874
2.596043
4.175971
1.472237
2.582809
0.134508
0.299279
0.894204
1.398016
0.311501
0.654570
2.090236
0.047174
1.862124
0.772759
0.326766
-0.709489
1.795357
3.257438
1.270693
0.273654
0.254686
0.453758
1.036822
-0.239037
2.513579
-0.133305
3.354147
-0.372662
-0.372662
1.219650
0.872456
2.962022
2.073465
0.926418
2.756752
-3.636497
1.120723
0.285170
1.290212
-0.004094
1.039684
0.295657
1.737585
0.870346
1.632776
1.136259
0.031086
-2.633387
0.341361
1.667942
-1.612486
2.663360
-0.889242
0.159222
1.668296
1.746642
1.066256
1.375393
1.375393
0.655549
0.616622
-1.582218
-0.272018
-0.369412
0.450996
1.806639
1.806639
2.319182
0.934570
-4.227908
0.485328
-0.637233
0.224745
0.562518
0.985195
1.430226
0.315996
0.842511
0.304907
1.109446
-1.556817
2.162200
1.558845
1.911711
2.121109
3.010044
-0.656796
0.560992
0.855474
0.855474
2.717745
0.781471
0.781471
-0.136541
0.867372
2.195636
-0.030782
-3.212359
-0.193439
-6.344194
1.004284
-0.065102
1.887254
0.596548
2.645716
3.985385
0.750871
1.342604
1.342604
1.061831
0.748391
-1.269630
2.165273
0.604121
1.333378
1.256654
0.526603
1.669710
0.976208
1.413903
4.042059
0.610500
1.656132
1.634009
-1.295332
1.341071
1.984732
0.526106
3.429494
0.969831
4.605592
1.022300
1.343536
0.998908
1.350675
6.027763
2.687823
0.520043
1.645913
0.905871
2.006223
0.890666
0.076564
1.360339
2.333724
2.725594
1.769522
-0.784966
5.430784
0.167444
0.965962
1.075295
1.932304
7.781420
1.231401
0.801705
1.374815
-1.838565
0.800785
1.377034
1.070435
2.640518
4.759852
-1.189125
-0.140402
-0.368619
2.560040
2.304681
0.191646
-2.649103
0.748831
0.091848
4.146253
-0.475426
-1.784797
3.528111
3.878289
1.299872
0.994709
0.664644
0.585723
0.585723
1.164616
1.401918
3.317142
1.154503
0.936002
0.335752
2.146029
0.280833
-0.641294
1.762247
-3.288369
-2.266325
-1.744854
1.393301
2.010167
2.953349
0.879501
0.569326
0.547523
-4.234787
2.356617
0.176894
2.949600
0.924171
1.507905
2.333658
3.473443
0.641195
-1.252855
1.974854
0.380681
0.380681
1.006328
1.006328
1.423559
1.901916
-0.196784
1.352060
1.496420
1.195126
0.006784
-3.494134
1.922934
-0.718205
1.414882
1.546956
2.007652
2.499595
2.667576
2.222825
1.478967
2.615127
-0.345144
2.510054
1.444706
0.514748
1.370715
-0.460116
-0.050863
0.176806
1.000996
1.317929
1.317929
-1.577179
1.108483
0.667668
0.998242
0.343836
1.127266
1.107814
-0.346572
-0.564479
1.605101
0.514975
0.661167
2.621580
-1.048654
0.992627
0.992627
2.729352
0.647080
-0.847301
1.923180
3.348788
0.814877
1.164792
2.686785
1.256248
0.638322
0.638322
-1.725305
2.988550
2.021242
-0.813381
0.996064
0.533825
1.264372
-0.051246
0.335583
0.335583
1.161594
0.903034
2.716337
1.027651
5.082531
1.522962
-1.683059
1.199731
1.750032
1.750032
-0.935926
1.711161
0.818770
1.599174
0.590556
2.314505
-0.971184
1.109860
0.597414
-4.695550
4.205278
1.170310
-1.247640
0.844499
3.780428
0.929225
1.712931
-1.379840
1.676291
0.996881
1.843071
1.272556
2.014484
2.014484
1.926472
2.218426
1.135379
0.695117
2.913296
3.489998
1.605488
2.292474
2.292474
0.547019
0.656313
1.684870
0.062704
1.765115
-1.345748
3.488908
0.567523
0.633950
1.043392
0.234520
-0.282587
1.624771
-0.167272
1.542843
1.034178
2.604719
8.938551
0.742363
3.067799
2.176412
0.664297
1.440059
0.485266
-0.663916
1.294308
-1.550518
0.093801
1.319287
4.331180
-0.152109
1.742924
0.780139
0.780139
-0.625824
2.489255
1.857240
0.833649
2.697330
0.638656
2.949372
2.692794
1.451329
0.270618
0.655643
0.805392
1.104484
0.956155
1.507491
0.246790
1.770485
0.327302
-2.574877
0.303716
2.931069
-3.059288
1.058389
0.532650
1.374472
-0.975855
1.139065
-0.195583
1.040976
1.040976
0.488851
1.145864
-0.719810
5.839773
0.244555
1.034219
1.522337
2.414495
0.113077
0.360983
0.206776
1.431882
1.557687
0.024774
-0.381331
0.756848
3.224191
-1.006708
0.085987
-0.263161
-7.195306
1.950762
0.950899
0.295465
-0.932731
1.035226
2.864903
2.823133
3.272120
-0.490705
0.680229
1.150080
1.961283
1.167062
1.832407
1.258341
0.456848
0.206951
0.171700
1.831282
0.734786
-1.595277
0.802857
0.802857
1.323559
-1.854026
1.474709
2.168738
2.820006
2.928446
0.666994
0.984938
0.009836
-0.590962
2.175651
3.687558
0.605472
1.182445
-1.693916
1.700130
2.845236
1.646050
-1.769185
-0.509770
1.074946
-0.097930
1.501557
-1.610114
1.400359
1.400359
2.195245
0.039614
-0.414643
3.976605
0.259075
-0.749605
1.273009
0.296110
0.825637
0.332251
0.292249
1.996042
0.630799
4.116138
0.768258
0.982768
0.982768
1.502078
-6.735484
1.066455
2.836204
-1.060779
2.964449
1.656657
1.754900
1.754900
-0.885380
-2.474909
-0.590209
1.022017
0.184832
2.026682
1.005807
-0.060072
1.111365
1.111365
-0.354152
-6.205019
0.781539
1.647199
1.332273
1.673552
1.145628
1.371923
1.337519
-0.015350
0.021092
1.374190
0.775670
0.829320
2.099270
0.536229
-2.219429
2.098367
1.201544
1.201544
-0.885630
1.376558
0.466889
1.422919
0.633039
-1.919877
1.965591
0.907082
0.440885
3.833905
2.003528
-0.956425
0.563069
0.563069
1.486948
1.127516
2.878657
0.944815
-0.936055
3.146260
-0.544783
1.615728
-0.232812
2.250911
0.128168
-0.067251
0.254876
1.362100
-0.154310
0.548345
1.628169
1.947884
0.389348
0.406694
0.955631
0.047532
1.847330
0.544292
0.544292
0.544292
-0.216126
0.189577
1.095375
1.899672
-0.281727
1.431375
2.351034
0.433988
0.024653
3.246250
0.454013
-0.249559
-1.190367
1.483641
2.572007
1.170668
0.932650
0.932650
2.478074
1.259052
0.638477
1.721053
1.548835
4.244937
-0.900346
4.709142
0.877867
0.759981
0.683215
1.504297
0.604098
0.903299
1.163265
3.697451
2.496851
2.926629
6.468876
-0.012151
-2.603415
-1.042791
0.396174
-0.265952
0.791919
1.723993
-1.102430
1.347702
-0.033244
-0.184275
1.119314
1.315185
1.315185
1.910228
-0.984004
-1.328931
4.374258
3.984842
0.858098
2.120621
0.958036
-0.474239
0.733053
0.429673
0.866890
1.463555
1.229587
-0.735516
2.709557
1.004277
1.004277
2.802403
1.076352
0.946388
-0.944942
1.803475
1.035634
-0.069759
4.547796
-2.788786
-1.654590
0.586747
1.523986
1.813404
3.733046
2.940615
-2.460444
2.615322
-1.817172
-5.238564
1.575400
2.209155
2.292697
1.620279
1.415621
0.670691
0.670691
0.670691
-1.207357
1.138501
1.223444
1.503372
0.624499
0.865653
0.779037
1.883584
0.202887
0.627888
0.728499
-0.358881
1.734827
-0.006993
0.144812
2.632861
-0.294488
-1.066505
-1.005050
6.859329
2.220916
1.673437
1.673437
-0.719422
0.105384
0.105384
0.948365
-0.279686
2.260198
0.237092
2.040125
0.962790
0.309523
1.990291
0.192352
-1.066736
0.847935
1.167981
0.498539
-5.408004
-0.875777
1.390513
0.828766
1.142826
1.095187
0.626228
1.018425
2.323280
1.012487
1.113658
0.368173
-3.800786
-0.936704
1.157259
0.363578
1.621937
1.621937
1.493153
1.161527
1.471223
1.372366
0.257130
0.986519
0.735624
0.545122
1.093408
1.093408
0.491507
-0.161860
0.346317
3.416369
2.619314
2.621496
1.478865
0.879254
2.217131
3.785779
-5.039902
2.014409
-0.792619
0.739826
1.626779
2.649572
5.356006
1.144925
0.518014
-1.326581
-2.233318
3.500076
-1.119382
-2.369770
-0.172039
2.646842
0.662846
-0.188009
0.348705
-0.797987
-1.463976
-0.095454
2.568225
4.281302
1.381856
0.683033
-0.861793
-0.340310
0.325808
1.854757
1.808214
1.102633
1.043300
0.180075
0.923180
0.923180
0.205750
1.279440
0.552054
0.286234
0.563451
0.750573
0.094770
-0.085293
0.347383
0.184706
1.282662
1.105640
1.485785
-2.140374
4.220446
6.931170
2.424743
1.487124
1.079338
0.487818
1.179898
-0.064044
-0.197321
4.206126
0.928678
0.215222
1.218348
1.218348
-1.586153
0.754543
2.099040
1.785803
-0.968758
2.030067
0.177296
2.106386
0.564752
0.741955
1.008806
1.008806
0.371278
1.032669
1.272233
0.436356
1.111665
0.580451
1.995828
0.301465
0.149195
1.064240
0.545675
1.167832
-0.814493
2.451024
1.576213
-1.981579
1.042625
-0.445381
3.794115
3.428154
-0.633568
0.746465
-0.549326
6.624593
3.214491
1.458993
-1.178456
1.695703
0.847946
3.823370
2.784666
-0.101918
1.483082
1.483082
2.481694
0.673087
1.348950
0.506228
0.066612
6.163587
-3.325170
0.424787
-0.609095
0.729292
1.774915
0.426265
1.620413
1.402848
1.402848
0.200609
-0.290057
3.050016
3.050016
0.370484
-0.982194
-4.348915
3.456326
-0.200164
-0.332413
1.379395
-2.929664
-0.411061
2.303301
0.881255
4.463589
1.792351
-0.849884
0.831917
0.659618
4.886005
2.784319
0.558217
0.683184
-0.012983
2.512017
8.873613
1.278861
1.256616
0.716121
1.421990
1.329537
0.004798
1.225147
1.475102
1.475102
2.368422
2.386044
-0.538652
-0.876500
1.747836
2.675744
1.757430
0.163752
2.658071
0.431201
-2.146087
-0.615488
1.126013
1.126013
-3.649267
2.698315
-8.014217
-2.568156
0.270357
-1.191576
-1.873142
-0.128327
1.263325
-1.291693
0.117441
-1.517968
1.934945
-0.326945
-2.450943
2.201003
0.663414
0.793415
2.653000
1.700633
1.312279
1.312279
0.022893
1.205745
0.735612
0.077432
-0.389509
3.200300
-0.033628
0.749362
0.945733
-0.596337
0.804139
1.654073
1.250185
1.634204
1.634204
-1.308267
2.661812
-0.113577
0.967105
-2.495936
-0.187293
2.773211
0.143479
-1.909652
2.570831
0.439550
-0.212619
-0.212619
0.917821
0.917821
1.155363
0.282700
1.309617
1.045008
0.805032
1.731471
1.648924
1.536622
1.098589
-1.900571
1.768012
-0.598100
-1.057683
-1.076873
0.559802
0.862119
0.328320
2.654551
0.622573
3.945268
1.917932
2.243237
0.574460
1.144486
0.157992
2.532558
0.874565
-0.679710
2.827608
3.455440
2.872833
-1.950988
0.983768
-0.203575
0.140037
2.497320
1.053635
0.986390
0.986390
5.514242
-0.905189
4.241358
3.353010
1.939658
0.295497
-1.294207
1.723759
1.531110
-0.150419
-0.298438
0.322186
-3.320628
3.258418
1.254324
0.498664
2.468889
1.500757
1.908532
2.161530
2.063975
1.174230
0.360299
0.940816
0.988005
1.675496
1.675496
1.118709
1.118709
1.427312
2.519883
2.814854
-1.725200
-1.769759
2.600707
3.338001
2.432871
-3.260921
1.198329
0.275451
-0.586236
1.218354
-0.303690
1.500676
1.500676
2.314718
4.538622
3.012289
2.512577
1.435388
1.886295
2.043884
2.043884
-0.990393
5.671662
-2.950154
3.307957
-5.776309
1.052603
2.054353
1.603315
0.566600
0.315943
1.800059
0.363374
2.574838
1.611126
4.718301
0.562741
1.584257
1.584257
1.411005
-0.253829
1.009249
0.951164
0.432060
2.089659
0.520942
1.326970
2.388880
-3.465256
0.407519
1.222172
1.153568
2.945633
4.714289
-0.055586
-0.055586
0.747888
1.685594
-1.413138
1.766779
0.400817
0.858543
1.480177
1.266895
-1.288690
0.797577
1.770036
0.635430
2.272725
1.685025
0.617105
0.774527
-1.297313
1.399542
1.365806
2.334540
-1.039505
-2.526580
-0.885344
2.737755
1.674880
0.389178
-0.665110
3.590062
-0.345525
-0.354448
0.571148
2.800227
1.195599
1.745661
1.095361
1.041995
-0.146811
-0.123992
0.794240
1.439817
0.560998
-0.432395
2.073319
1.220947
2.712843
1.047433
0.927166
0.927166
0.556534
0.556534
-1.274815
-0.120711
-0.731706
1.156958
0.982802
2.127518
0.325431
-0.294743
1.912807
4.345282
0.823473
0.610701
-1.458753
1.679422
1.874320
-0.140466
2.030093
3.164574
0.912224
2.812218
2.812218
1.263371
2.130061
2.391772
-0.473502
0.593209
1.329999
3.611313
1.089715
0.915855
-0.257018
-0.209609
1.258560
2.206492
-0.939441
1.388078
0.558515
1.472837
2.177863
1.350564
-0.944060
1.364195
1.364195
1.568179
-0.100704
-0.400222
-0.117965
1.403710
-0.041789
1.480616
1.129646
-0.750300
1.012958
0.791181
1.321576
1.024217
1.226362
0.885197
0.563622
-2.210262
2.548446
0.780323
0.780323
1.740913
2.681621
0.484209
0.302090
-1.536915
5.862547
2.497354
0.927685
0.613473
-0.068181
2.184777
-1.809039
-2.907720
4.595663
0.164081
0.312747
0.933778
0.768217
0.466474
-0.014232
-1.826925
-0.168493
1.827563
3.807527
1.704505
0.412461
0.388276
1.116826
-1.326564
0.955666
-0.086036
2.234645
-0.055326
1.529761
-1.325294
3.166310
-0.947660
0.622227
0.764123
-0.032823
0.819425
0.156422
0.108927
1.099091
0.632025
-0.856661
2.426441
0.789671
0.689276
1.050981
4.493240
-0.504329
1.349330
3.201153
-0.347164
-0.078971
2.217016
0.892433
3.645995
1.013676
0.374514
1.374160
-1.402405
0.861261
1.720770
-0.129488
3.299180
0.900402
2.580637
1.227536
1.227536
-17.987158
3.524170
0.619135
1.268772
0.412505
0.107264
0.803294
1.876235
0.472865
0.412933
2.147793
0.044465
1.980078
1.212111
3.042576
1.358290
-0.110101
-1.734293
1.267219
1.267219
0.822219
-0.683649
-2.166969
-0.313462
-1.107215
-0.886148
1.761471
2.077492
-2.014645
-0.105061
4.333848
0.668569
1.476799
0.456401
0.579792
0.412033
-0.268610
0.752819
6.404631
2.555919
0.529791
0.399138
1.542980
0.940909
0.940909
2.997192
1.265347
0.852083
1.251352
2.177821
0.495090
1.988294
0.881274
0.745040
0.745040
1.954731
0.406112
0.855140
1.268582
-0.487292
1.814550
2.064391
1.561738
2.792060
1.695776
1.608287
1.201035
2.145670
1.696457
1.489803
-0.370767
0.987488
3.397584
-0.323986
1.712746
0.963081
0.560938
2.238719
1.586460
1.586460
0.604916
-0.465014
-1.661655
1.610874
0.781932
1.119121
1.381921
1.865473
-0.136258
2.116588
0.395033
0.669288
-0.036649
1.856247
1.056075
1.059962
1.441582
0.540517
2.211307
1.202118
-0.891216
-0.010449
1.067047
-2.340444
1.104722
-1.302401
0.862616
-0.085796
0.084804
2.294135
1.086380
-0.744043
1.186853
0.826560
0.826560
1.117793
1.501777
1.452176
0.963688
2.556770
1.803650
2.776631
1.241951
-4.122684
-3.086031
0.795979
1.252198
0.147076
-0.057809
1.419110
0.608510
0.608510
0.608510
0.608510
1.525521
1.481646
1.733334
-0.356132
1.595231
-0.446698
1.876996
1.075228
-1.984268
1.560758
-0.555543
-0.577037
-1.046807
1.745315
-0.903979
-0.291064
2.943229
6.364071
0.899801
1.652889
-0.327789
-0.269676
2.609801
1.949624
1.582209
0.859173
-1.981010
-0.110522
2.556280
2.490183
0.395244
-4.274157
0.475744
0.325579
0.770786
0.114695
1.432699
-0.947357
0.725392
-0.006032
1.707325
1.859646
1.806670
0.780666
0.881334
0.716770
-0.324910
2.713315
0.017509
3.642043
1.432006
0.495900
0.533189
4.372640
2.021992
2.021992
0.509003
1.897969
0.676721
-1.200793
2.597639
0.325305
1.113549
1.626729
0.085600
1.534754
2.159044
0.328522
2.760170
2.048928
2.335816
2.335816
0.564530
2.267523
0.876480
1.879755
1.028173
0.878643
-0.972246
-0.723426
2.293485
0.780501
-0.494322
1.352752
1.352752
1.526561
1.304812
-1.902466
0.938454
1.471614
-0.532690
1.174442
1.174442
1.157980
0.312790
1.109445
-0.277815
0.273986
0.428219
1.418083
0.597854
0.597854
0.933100
0.398164
3.876835
0.165244
1.953185
-0.535731
0.797542
0.797988
0.117754
-4.972502
1.527804
1.527804
1.855440
1.296757
0.719877
0.026523
1.043559
2.231183
2.168181
3.297480
1.200748
1.200748
0.891646
0.467116
0.923015
-0.979691
0.513313
2.673548
3.498831
0.497469
1.901898
0.600456
0.285547
2.128829
2.636237
1.421724
-0.210442
2.558545
0.644420
0.360676
2.633588
1.694860
-6.525924
1.805495
-0.024994
1.153301
-0.679978
1.636902
1.826208
1.509009
3.153798
2.761600
-0.495459
4.762249
2.923098
-0.416957
-0.463053
2.862628
0.206054
0.556654
1.370186
0.146009
1.678350
0.082169
-0.480644
-0.328732
0.695884
0.135694
0.109845
-0.173677
0.919659
0.512528
-1.220235
1.432834
0.559269
0.559269
1.661300
-0.610206
2.431773
0.525911
1.257527
1.479039
0.689391
0.561791
7.853576
-0.427821
1.340764
-0.521798
-2.984128
0.448019
0.724335
-1.345345
-1.132749
2.328230
0.915676
0.919578
-0.719513
1.470332
-1.478378
1.881323
-0.176102
0.579901
-1.118994
2.642227
1.576848
1.278951
1.301511
1.718564
0.847551
0.009490
2.093324
0.642021
-0.401731
1.438659
1.344013
1.572315
-2.127024
0.525948
1.120162
3.886120
-1.353039
1.546553
1.437240
0.065164
0.589280
-0.279322
-8.910945
-1.739624
0.057799
1.144128
1.144128
-0.250590
0.118176
1.383723
0.806034
-0.891796
0.815833
0.815833
-0.643947
-0.107257
0.105651
-0.740171
-2.215359
0.834361
0.972413
2.186510
1.434958
1.835007
-0.063205
0.816836
2.260976
2.860891
0.832716
0.849927
-0.545804
1.619281
1.258342
0.942072
0.942072
3.494575
1.596036
1.497062
0.389011
3.825360
1.234327
-1.269827
0.803462
1.600117
1.323151
2.091100
0.028047
9.544677
1.584341
1.597415
0.640837
0.935041
1.399860
-2.796413
1.318985
1.613328
2.517981
0.337588
-2.890153
-0.501899
2.570577
1.471906
-0.952094
0.799254
0.845806
-0.144103
2.141717
0.735927
0.329390
1.141869
1.540634
1.093734
0.082609
2.023018
0.637340
1.251744
1.086820
1.086820
-1.942826
0.805044
1.608492
0.821834
3.189077
1.564020
-0.306861
3.869863
2.195237
1.158140
1.084521
0.638793
-2.397451
1.550343
-0.523396
-0.654315
-0.401701
3.512945
2.386550
0.123906
2.056364
0.748662
1.618647
1.089608
1.968817
1.375499
0.136551
2.789426
1.160432
1.160432
0.703294
0.523280
-3.255678
0.030238
0.925078
0.310004
2.253001
0.476999
-0.981913
1.792828
0.869388
-0.111773
1.005860
1.215040
-0.759174
-0.700877
1.575658
-6.754639
1.689375
0.414263
1.400823
1.637657
-0.197939
0.523747
1.507065
2.161848
1.422707
1.747802
0.449737
-0.136927
2.320077
0.285519
0.356393
-0.317963
-0.575019
1.665082
2.010082
0.472157
0.472588
0.472588
2.350447
0.357734
1.470021
0.933592
1.145583
0.527662
2.362320
0.978769
5.406023
1.498630
-0.686254
0.193628
1.349550
2.022563
1.207034
3.864035
1.643394
1.679315
0.875608
0.957033
6.346063
2.340808
0.754731
-0.615286
0.642466
0.131660
0.875092
2.610437
2.735408
0.827964
-0.327305
1.859895
1.364201
1.067584
0.686659
0.686659
0.894404
3.389096
-0.831208
0.628841
4.718898
1.570087
0.050317
-1.340113
3.185631
1.902321
-1.115211
-0.466444
1.769278
1.854573
4.989647
-2.310508
0.351028
0.351028
2.032539
-2.262100
0.069016
1.561092
1.056632
-4.956872
0.179433
-1.055440
1.480240
1.319336
0.113848
2.605923
1.090372
1.213450
1.304772
2.036331
-0.367030
-0.419351
0.330662
1.047287
-0.754220
-0.121091
1.801820
0.875558
-0.236952
2.542856
2.542856
1.443107
0.980160
1.234474
1.732530
0.774889
1.350876
1.700991
1.700991
2.592003
-0.249743
1.005403
1.986230
-0.178362
0.739291
3.623123
1.000118
5.287265
3.356588
3.068105
2.102614
0.180533
0.819747
-0.365309
4.117498
2.352198
2.352198
1.959618
1.424006
-0.920365
1.514039
-0.354475
0.954075
-0.699488
1.693266
-0.406862
1.636931
0.643329
1.424903
1.344228
-1.926136
1.141752
0.322140
0.990462
0.409673
0.895771
1.806855
1.168711
0.305851
2.011666
0.975444
1.456361
2.107037
0.780704
1.344216
1.086251
-1.296928
2.418152
1.349515
1.564936
1.054909
1.518571
3.172559
1.518426
-1.051314
0.734407
-3.835763
0.744008
2.241474
0.243315
2.548616
3.166351
-1.383222
0.569048
0.569048
1.221643
-3.440187
0.491778
0.462336
1.122685
-1.399104
-0.112081
0.096613
0.084917
0.739106
-0.336847
1.200000
2.127509
0.465872
1.263924
1.263924
0.898023
1.391409
0.693868
0.701950
0.515029
0.930227
7.399010
2.646678
0.118365
-0.384504
-0.017396
0.979065
0.509298
0.509298
0.414521
3.683500
0.585312
1.167250
1.850657
1.850657
-0.310360
-6.482875
0.210722
-0.059303
1.963413
1.425481
-0.385774
0.991796
1.021326
1.433631
-3.276879
3.784975
0.913552
0.191297
-3.864058
0.600967
0.876402
1.446469
2.858073
0.679170
0.523801
0.688416
2.249775
4.851019
-1.499332
1.742504
-0.852785
0.810105
0.810105
1.926500
1.421161
1.421161
2.827733
1.293310
-4.650703
0.617093
2.078904
0.084486
1.990591
-2.152776
1.887927
0.140347
0.467332
-0.877444
0.912859
1.676616
1.590648
0.986089
-0.838544
1.365377
0.674314
0.152647
0.890824
1.542437
1.146660
1.146660
0.983602
-2.642793
0.795123
-0.478577
0.503176
-0.148137
0.741388
0.107229
0.472362
-0.283339
2.882306
0.517299
0.993583
2.207703
1.335532
-0.123028
4.695284
0.829445
2.220663
1.404469
1.348444
2.609442
1.130492
1.130492
-0.822249
1.113953
0.826442
-0.001168
0.887678
-1.369641
1.294788
-0.415450
0.528493
-0.288890
0.581841
1.990749
0.853119
2.783920
5.130044
0.606142
0.378999
1.988017
0.772043
-1.021461
2.407741
1.212690
2.402660
1.888474
0.536223
1.361784
1.361784
2.761678
0.458807
0.510225
1.231117
1.621326
-0.253122
1.646234
0.187156
0.777286
1.484548
1.484548
0.517475
-2.188533
1.489167
1.142293
-2.554528
1.629295
-0.196568
1.431777
2.865630
0.424378
1.899776
1.664166
1.664166
0.884897
1.746042
1.350578
-1.107060
2.243763
1.688529
4.575045
1.933318
0.143565
-1.373181
-0.099049
0.517054
-0.252880
1.585646
3.570677
0.527207
1.514175
1.514175
0.390510
0.094779
1.028723
1.588896
1.850450
1.254894
1.591545
0.851401
1.754931
1.309481
0.662209
1.818493
4.864781
2.243775
1.922453
-0.521323
0.584345
3.645898
-4.162242
-0.573166
0.782992
1.904369
0.856008
2.315791
-0.290920
0.471603
0.673456
0.529578
-1.004408
0.976935
0.844470
1.097284
2.877253
3.832140
0.973077
1.164793
2.063756
4.272115
1.247418
-3.082315
-1.903906
1.284272
3.014011
-7.534470
3.664736
2.904976
-1.140868
1.037417
1.037417
-2.977546
-0.363541
2.475728
1.493439
3.501268
0.511032
1.079812
-0.417094
0.180959
0.534158
0.534158
0.666538
1.561773
0.587648
1.828833
-1.778769
0.129953
-1.108715
2.024376
1.175219
1.175219
-0.069481
1.395281
0.026822
0.766175
0.108620
2.038423
-0.222259
2.003898
2.793507
-2.075651
14.467572
0.911005
1.922478
1.104276
-0.079871
0.326044
1.331924
2.837840
-0.278217
-0.278217
1.484131
1.502388
1.215931
-0.276081
9.519134
1.294083
0.555870
0.232932
0.232932
1.959817
-2.608319
1.331691
1.977327
1.425389
0.580093
1.717892
1.717892
1.584436
0.617671
0.372787
0.372787
0.304026
1.588695
-0.022374
0.461617
0.869958
-0.295071
1.033931
1.852747
1.005914
0.669084
2.493912
-0.229667
1.509391
1.509391
1.509391
1.344342
4.981984
-1.337414
3.220310
4.711312
0.101217
-0.724833
-0.279332
0.927900
3.674010
4.357696
2.240187
4.253146
0.927352
4.842652
-0.067735
1.726827
4.015872
4.409386
1.769054
1.769054
5.383858
1.359828
1.931781
-2.722376
1.265517
1.265517
0.699541
0.917795
1.363655
-0.343923
1.384745
1.976072
2.062040
0.261456
1.119597
2.970138
3.699179
2.075695
0.825882
-0.222952
-1.035493
2.269616
0.449832
-0.749926
1.341411
1.384668
1.817336
0.664745
0.866347
0.507424
0.135371
0.532598
2.241013
1.494799
0.384188
1.759506
1.657413
0.712013
-3.533643
0.724386
0.702091
-0.158989
-0.158989
1.806075
0.807100
-1.775491
1.017024
1.154701
0.727990
0.120549
1.094487
1.328601
0.819582
0.958944
1.773287
3.055259
1.479928
-1.188125
4.936883
5.257017
0.211815
0.840180
0.712263
1.537185
1.297342
-1.931467
1.309710
0.519538
1.580238
-1.153821
-0.270819
1.487658
-1.619963
0.658346
-1.494307
-0.209993
0.750779
1.648891
-1.085401
6.268731
3.071052
0.954291
0.643459
2.284669
1.588043
0.759594
0.156222
3.647069
-0.522369
0.277978
0.187073
0.211703
0.653376
1.964679
1.843163
-0.288487
-0.122411
-1.472292
-0.396257
1.947947
1.810114
0.196778
1.657451
1.491877
1.386771
1.747738
3.736153
0.908033
1.351638
-2.228164
1.996306
0.586071
1.533955
2.786941
-2.204830
0.131298
2.559428
0.131669
0.814082
1.375311
1.375311
1.375311
0.982217
1.333244
0.953888
0.411472
0.734797
1.522701
1.828750
-0.680387
2.084458
1.386995
0.992275
1.488667
-0.885539
1.096331
1.493135
1.298002
1.298002
1.135835
1.135835
1.607066
0.541293
1.477350
0.434239
3.392112
3.025225
0.646995
0.947075
-0.861303
0.261520
0.665930
3.458997
-4.920071
-0.217913
1.511295
-0.290750
0.999295
0.999295
0.999295
-2.495689
1.433917
1.781392
2.129157
2.129157
1.552596
1.552596
1.384837
2.506521
1.909879
1.919216
1.388809
0.551146
1.889355
-0.210331
-2.482017
0.378958
0.760339
-1.051471
1.396577
-1.809025
1.910560
1.910560
-1.226993
-0.659864
1.611604
0.677370
1.330132
-0.236825
0.345114
3.063800
-2.264316
1.449794
2.841933
1.350339
-0.392508
2.129326
-2.240215
0.983692
0.983692
1.358494
0.057895
0.469813
1.851201
1.341698
-0.271516
1.162997
-0.495335
2.607433
2.633324
1.246278
1.117175
1.597770
1.057285
0.334111
0.160451
1.893139
1.806190
1.657166
1.487096
0.262449
0.262449
0.191413
1.599986
1.460617
1.213192
1.298797
-1.644638
-0.009635
1.606484
2.492357
-0.479001
-0.551420
3.749238
0.842277
2.192560
1.718798
-12.955969
0.044865
1.755104
0.631788
3.108573
0.846707
1.468703
0.990744
2.775669
1.568359
0.675520
1.854146
2.673350
-1.964876
3.846873
0.328493
0.520570
1.196152
1.388408
1.388408
1.212490
1.212490
3.492576
-1.821436
1.247141
-0.796231
2.599422
0.682491
2.832388
0.697008
1.362422
1.442776
1.654951
-0.071908
-0.041597
0.389534
0.539141
1.136326
2.318569
1.207780
-0.624279
-3.324269
0.924797
0.188478
-0.926203
0.412520
2.604898
2.604898
1.864899
1.338628
-2.504047
0.864871
1.928254
2.433007
2.029918
0.855635
3.794813
-3.968797
9.826444
3.197685
0.878282
1.983842
2.205738
1.471321
1.175484
0.754866
-1.862645
2.902013
1.770092
0.227515
1.039662
0.328867
-0.999277
1.926927
2.106560
2.367088
3.387654
7.536236
1.373161
1.601264
1.032049
1.749191
2.119330
1.430890
0.393610
-0.368856
3.421950
1.394360
0.080332
1.771077
4.848467
-0.024799
-0.483442
2.434134
-2.539606
3.752479
-0.520842
-0.111400
0.714411
0.709676
1.978135
3.254106
2.529036
1.866330
0.609928
0.760737
0.760737
0.388991
1.404357
-2.132600
-0.459977
0.671583
-0.673255
1.399292
0.598380
0.598380
0.638818
-0.287427
2.294433
-1.132870
-2.494710
4.099614
0.549311
0.676292
-1.340099
1.516878
1.746175
0.523662
-0.616314
0.723923
0.539922
0.539922
-3.200008
-0.227339
4.544214
-0.200533
0.986683
-1.580086
-0.315799
0.965479
0.965479
1.080033
2.005562
1.532928
0.145174
-1.380397
4.551141
-0.006033
0.403058
1.398543
0.479255
2.411699
0.272660
0.537983
2.560127
0.424395
0.512784
1.539923
-0.756187
1.083983
1.083983
1.547708
-1.704641
3.324169
0.285849
-0.134465
-1.300367
2.447448
-0.111120
0.865612
1.357496
0.188562
0.371521
0.879970
2.362467
-0.673535
0.804002
0.364113
-1.020583
2.284342
2.284342
1.033902
0.829182
2.309552
0.373261
4.170054
3.399494
-0.414363
2.772647
-2.307197
-0.354926
-2.446269
0.648874
1.586284
1.402245
1.542010
1.183722
1.230110
1.442347
0.449298
1.262190
2.237921
2.917209
0.796131
0.459817
1.103197
-0.235014
1.172386
1.959770
1.844394
0.100280
-0.300334
-0.300334
-0.546293
0.751684
1.581728
1.321215
1.321215
1.196066
6.123904
1.306248
0.114236
0.114236
6.862352
0.297898
0.545982
2.817326
0.835819
0.558113
4.931261
-0.356977
-0.356977
0.036095
1.047031
1.231272
2.322137
4.078166
2.477841
1.685600
3.267704
-0.270280
1.959381
1.756505
1.297603
1.690802
0.222647
2.146570
2.442398
0.567971
0.694056
0.780414
0.780414
0.780414
0.780414
2.689541
-5.976476
2.721979
2.073535
1.701359
-0.568318
0.518998
3.367579
1.819743
1.768474
2.969820
1.591530
0.971488
0.539516
2.772664
1.594758
1.844662
3.749454
0.468195
1.619759
1.685065
-0.801152
-0.198375
-0.198375
-0.295288
0.526239
0.526239
0.876742
0.891788
-0.209015
3.898450
-1.341682
2.006410
0.388286
1.546090
-1.850050
-4.034271
1.194844
-0.251218
3.288333
2.418730
3.915598
0.328339
0.814845
1.469751
2.057238
1.412926
-0.137558
1.428617
-1.047440
0.572926
0.556219
0.903885
1.367801
-0.249425
0.793705
1.455820
-0.165565
-0.109319
2.866602
-1.164710
1.872291
0.971838
1.438037
0.669259
-4.536702
2.430045
1.331381
0.592650
0.887476
-0.227728
1.710963
1.516091
1.751310
1.151023
0.662671
2.516138
1.108750
2.305275
-0.700119
0.807158
3.148100
0.723231
-0.088640
3.139815
2.146248
0.404344
-1.076288
0.085791
-0.070456
2.218640
2.408984
2.097072
0.327904
1.093238
0.201952
1.080403
-0.520281
0.449449
0.860607
-0.426801
-2.194573
-9.144853
0.456506
0.039355
0.078531
0.705981
0.738756
-0.421188
0.351967
1.670264
0.862617
-0.353361
-0.108116
0.469995
0.534887
0.717014
1.376188
1.518639
1.048429
1.048429
2.175236
0.734128
0.853422
0.030271
4.130754
4.599723
0.678785
1.159209
1.579540
-1.245320
1.137826
0.754478
-0.726616
3.224441
1.219484
1.219484
-0.754534
2.881513
0.370611
0.311258
1.534524
2.273451
1.832925
1.589191
4.088954
1.473285
4.492792
1.226229
1.192753
2.484375
1.348424
1.412062
1.808586
-2.269794
0.479864
0.920029
-0.803102
0.403695
0.167243
0.722041
2.656938
0.453086
11.844606
-1.159065
1.303702
0.357887
-0.398279
0.628959
2.034756
0.825845
1.357112
0.938278
0.539373
3.409197
1.276497
0.168451
0.385368
-1.762533
12.691477
1.522555
-0.127195
-0.034206
1.157850
-1.259267
0.989575
0.478190
1.484514
0.767338
1.382317
1.169668
1.439011
0.119425
3.618818
0.505293
0.505293
0.726656
0.628151
-1.337478
-0.414036
10.908892
0.936234
1.741101
-3.211051
0.407975
0.789973
2.043988
1.767344
3.666022
0.947848
1.019830
0.956164
0.956164
0.230850
1.303360
2.288135
-0.063589
0.838524
1.951773
-1.595817
1.235537
0.412994
1.411455
-0.365361
0.660616
-0.685032
-0.123322
0.238821
6.557556
6.593192
0.641236
1.290742
-0.135188
0.447865
3.808872
1.758053
1.573710
1.573710
0.898904
0.898904
0.742917
0.064850
1.714258
0.758599
1.537091
1.215017
1.040620
0.586920
0.356884
2.255332
-0.677529
1.616235
2.778376
1.492105
-0.303653
0.061676
-0.906339
1.154317
0.010454
0.794089
-0.489757
2.150121
1.696464
2.633299
1.320519
-18.301354
-0.915593
6.414782
3.282729
2.011730
1.308111
1.508433
-1.698637
2.907867
2.016495
2.796212
1.118771
-0.221053
-2.448722
-2.178202
2.288515
2.288515
-0.289046
2.282989
1.411086
-0.281352
0.680621
-0.680574
0.885734
0.762884
1.853188
1.305419
0.705795
2.255035
0.895603
-1.026734
1.071292
1.499761
0.034736
0.038451
0.831583
0.659434
0.659434
0.533335
0.166064
1.297641
1.948088
0.865180
0.996220
0.405002
2.092700
0.344209
0.486802
0.486802
0.335431
-0.417085
1.562712
1.159279
2.431410
0.151746
1.323577
5.151642
-0.405836
3.729327
2.254163
1.879142
3.563002
2.588759
-1.027776
1.350016
-0.127346
2.148226
-0.763550
1.659056
0.645214
0.809314
0.709944
1.082166
-1.106278
1.614210
1.776556
1.776556
1.747495
-0.345176
0.321182
1.225420
2.485427
2.137832
0.827908
2.930499
0.759084
1.294917
0.066077
0.631276
0.701973
0.972190
1.101485
1.436283
0.532648
1.070749
1.434326
4.319751
3.132873
-2.912155
-0.049099
1.877476
0.329262
0.329262
-4.610097
2.205654
1.193163
1.193163
1.193163
1.201430
-1.025219
1.470302
1.892319
0.699282
0.451982
1.110549
1.077485
0.412193
0.412193
0.219773
1.036054
1.609961
-2.029058
-0.094884
1.456445
-0.254847
0.246795
0.269915
0.939389
2.275869
-0.426446
1.943578
-0.400526
2.730141
2.513773
-1.224078
5.160505
1.487893
1.111449
1.111449
1.148608
2.438820
0.236224
0.572868
1.613925
0.492389
0.976727
-1.493840
0.472158
0.472158
2.233337
1.065874
1.257737
-7.271890
1.685667
3.677147
0.416194
1.290497
0.719379
2.488550
1.629563
0.470945
0.506574
3.401920
0.503646
0.186144
10.102933
1.940220
1.138118
0.585633
1.831014
0.867501
1.162470
0.193038
0.824757
-0.008034
0.989970
0.920629
0.920629
0.821059
-0.545828
1.547427
-0.088324
5.135571
-1.496071
2.445989
1.037731
-1.257863
2.562869
-0.627418
0.193695
1.990321
1.990321
0.456033
1.839360
-0.120978
0.142119
3.105335
2.318761
4.052370
1.689981
1.092819
2.163978
1.186622
0.519966
0.766969
3.373394
1.373059
-0.304012
1.969809
0.767304
0.767304
-1.376569
0.417097
0.301005
0.126118
-0.358169
0.141099
-0.294627
2.552446
0.653667
2.118508
3.463849
-0.056908
-0.027651
0.672445
-0.740448
2.413898
0.804012
1.726540
2.369355
1.860142
0.131313
1.067639
2.127573
2.127573
-0.805727
0.182726
-0.175900
0.639748
-0.074430
5.119678
0.438305
2.196025
1.148619
2.709433
2.709433
2.152917
1.218068
1.533820
2.803369
-2.438089
-0.059195
-0.083661
2.533968
3.171476
-1.954559
1.379939
1.076294
1.211778
1.065363
6.292489
0.555377
1.395279
1.499318
0.658849
0.164019
1.861613
0.581456
0.325567
0.325567
2.209437
1.968419
2.482186
1.961128
1.502873
-0.331921
1.536538
3.391612
2.288347
1.130512
1.130512
1.645409
-2.018350
1.835601
0.861578
0.219572
-0.315875
-1.111112
1.369346
-0.000362
-1.786980
1.581931
1.473454
-2.083025
-2.162323
1.686658
1.048460
1.393588
2.494962
0.861071
0.861071
1.832242
1.484705
0.417514
1.706118
-1.444533
0.446177
0.678395
0.678395
1.100852
3.158646
1.955267
1.479759
1.489154
0.704303
1.354737
0.635294
1.745093
3.446373
0.127920
1.573462
1.784134
-0.384174
1.016465
-0.470553
1.062373
1.062373
0.430585
0.771095
0.842796
0.077792
1.582311
3.197373
0.964435
0.186366
1.390201
0.654578
2.034121
1.053984
2.241815
0.461987
0.833647
0.833647
1.622084
0.459651
-6.773315
1.606082
1.824133
1.824133
1.824133
1.558422
0.958945
0.958945
-0.764968
1.183343
-0.591299
-0.187441
4.548527
2.373900
0.947226
0.267360
0.814854
0.827493
0.827493
4.679719
1.143008
3.347592
1.617465
2.658406
-0.726750
2.691039
0.855767
4.052710
1.501623
1.501623
2.071452
1.805444
0.789031
4.403778
0.611249
0.611249
3.112273
0.470463
0.469448
0.774520
3.499947
5.042441
-0.171872
0.554852
2.864278
2.033645
1.497204
3.160990
0.675001
1.326851
1.326851
1.443101
0.621156
-0.252253
-0.252253
-0.411349
3.685840
1.328192
4.207154
2.729499
2.189886
0.724552
1.640272
2.219566
2.142636
0.017228
1.236376
0.381839
0.277734
2.905851
1.899583
-4.720723
-0.058348
1.441495
-0.508252
-2.681294
0.214629
0.214629
0.591655
0.591655
1.985005
0.561458
4.299302
0.088946
3.013520
2.196771
1.130884
3.963261
1.836638
-0.863333
1.985464
1.985464
-0.161441
0.571883
1.136136
1.136136
0.599374
1.034360
1.185875
0.523614
2.943865
1.327706
0.220498
-0.519620
0.529476
0.562620
1.692810
-2.996138
1.300184
1.300184
1.851323
0.773168
2.243906
0.669415
0.715306
1.806052
0.679220
0.565602
1.296315
0.125542
1.148187
1.148187
-0.978427
1.212480
1.102027
-0.173565
1.703011
2.177807
-0.566317
1.280425
2.335692
2.879111
0.773465
1.043988
1.043988
1.644229
1.644229
-1.267572
-1.245777
2.593509
0.447217
2.630320
2.396231
0.550817
1.268405
1.587860
1.614503
1.108314
-3.903609
0.526685
0.526685
3.989524
0.991506
1.267159
1.424581
0.308118
0.214277
1.382409
-0.254526
2.850129
1.457442
2.119936
0.989353
-0.117879
-1.082735
2.218590
2.617878
1.764412
1.957777
0.976023
1.019008
1.612933
1.617541
-0.432514
1.926151
0.578460
-3.055136
0.631149
1.432212
0.633236
-0.182540
-0.182540
2.948116
3.191060
-0.154336
1.385145
0.095629
-0.143240
0.512601
1.188932
3.852917
1.580752
2.044248
-1.613238
0.874713
3.535846
4.141925
5.843908
1.294511
0.206445
0.786405
5.963711
1.417833
1.879765
-0.471269
-0.471269
-1.313136
-0.499036
1.148909
1.723229
-0.124821
2.382497
-1.422151
1.560482
-1.076617
5.105445
1.842475
1.842475
0.526843
2.869509
0.252350
0.858610
0.858610
-0.862941
0.334793
1.205898
1.005751
1.005751
-1.745162
-0.083728
-0.083728
1.317021
0.198534
0.198534
-0.315430
1.274076
1.274076
0.461301
2.827899
-3.198527
3.728512
1.041748
1.872445
1.972398
0.800773
1.212542
3.060346
-0.123567
0.622034
-0.199698
-0.777644
1.546168
1.074261
-0.162388
0.390393
1.663936
1.665025
2.229716
-1.218928
-1.218928
1.322762
-0.267393
1.319840
1.697718
-0.981754
-0.210617
1.083982
2.320264
1.521908
0.240344
0.105158
-4.013105
0.986693
-0.189605
3.629051
3.367037
0.612698
1.306204
1.306204
-1.399038
0.928522
3.669623
0.524243
0.959087
-1.881545
0.781849
0.336118
0.950088
1.742372
0.745543
0.745543
2.386557
0.274234
0.858147
0.084255
1.461704
-4.637955
1.603523
2.078562
1.798572
2.413698
-0.226056
2.991048
1.859476
1.445494
1.558279
1.135398
0.639677
1.206098
0.632860
0.156914
0.204696
0.065353
1.088350
-1.727429
0.183377
0.384192
-0.515379
0.432792
2.742283
0.779667
1.068000
0.997915
0.666287
2.803735
2.332465
3.120546
1.112791
0.644227
0.034093
-0.283347
-5.861444
2.798762
-3.309497
-0.473929
-2.344719
-6.345091
1.364492
-0.561761
0.765141
1.985472
-0.127522
-1.118035
1.715949
0.046276
1.840459
1.359078
1.141389
1.141389
1.075826
0.595826
1.404314
0.679898
0.877961
1.979117
0.629967
-0.791932
0.711692
0.978210
0.245417
1.586960
1.438199
1.094399
0.030932
1.537425
0.690090
3.134113
0.568301
-0.177022
-1.526131
1.263404
1.263404
1.983350
1.076822
1.883324
2.819333
-0.535384
-1.612786
-0.575383
0.860699
0.888453
0.645308
0.645308
1.008184
-0.736104
2.926596
-0.705579
0.823569
0.895594
1.951916
0.893849
0.547593
0.915888
0.458872
-1.587100
0.178318
0.622617
1.200410
1.372907
1.251745
1.251745
0.703375
-1.549979
1.612283
-1.577327
0.031550
1.798271
2.008648
1.543418
0.289564
0.479398
4.433821
-0.407651
-0.961790
1.616156
2.232107
2.318806
0.897211
0.897211
1.347432
1.651512
-0.367082
0.499195
-2.466293
1.682757
1.355934
2.665282
4.182268
-0.394053
-0.236864
0.799867
1.755665
0.298566
5.167140
1.123991
1.123991
1.955362
1.579030
2.963485
0.315461
0.119502
-1.230072
0.073730
0.963778
-0.942548
0.439272
2.974522
1.452307
0.216845
1.527307
-0.487134
2.123192
0.129109
0.841316
0.934408
-0.745658
1.556240
1.714466
1.731493
0.185036
-0.289616
1.397572
1.601271
2.075844
3.397061
2.368225
5.981394
2.841985
0.393005
-0.953301
0.394746
1.125719
-0.087202
0.829822
4.358854
-0.533918
-0.718662
-1.923035
-0.286200
0.114525
-0.190577
1.876029
1.918739
1.505410
1.505410
-0.378150
1.232199
1.136248
2.862523
0.579913
1.763348
-11.827723
1.255772
-1.401970
-0.186912
3.600327
0.751161
3.274156
0.225908
-1.892932
-0.663512
-0.307069
2.003183
1.619817
1.470253
0.893196
-0.240323
2.196973
0.826814
-0.195420
0.549004
0.171664
2.733557
0.622128
0.747244
-0.650002
0.597143
0.359402
0.408693
1.311968
1.311968
2.707316
0.374359
0.232971
0.871776
0.458552
0.539896
5.089016
-1.758798
0.593148
0.593148
1.468157
2.200147
2.237408
0.136532
3.426786
1.300394
0.547375
2.455091
-0.240899
0.306240
-0.589450
1.031978
2.201800
0.622008
3.987935
3.192615
0.638179
0.638179
-1.073343
-0.485064
-1.170857
-0.519609
2.541677
0.723229
-0.554053
-2.424582
2.771796
2.110261
2.252141
1.623681
-1.541891
0.237383
0.196959
0.018619
-0.545277
3.184629
1.224507
2.584712
-0.416612
-0.110132
0.263252
0.724027
0.674083
0.674083
0.953771
-0.212422
0.292378
1.872471
0.981810
3.836131
-2.313800
1.046733
-1.953629
0.548307
-0.234362
1.485667
0.105729
-0.858547
0.250747
1.005951
1.378453
1.378453
-2.593761
1.963456
1.543964
1.865122
1.792148
3.049457
-1.170854
3.601210
0.259806
-0.679113
1.373443
-0.324691
2.327723
0.618886
1.353637
0.697560
0.565948
-0.020556
-0.581245
0.359163
-1.718618
1.152792
1.187841
1.234199
2.057183
0.669677
4.134970
-0.351528
-0.143458
2.448979
-0.528606
2.320067
2.256080
6.188635
0.463609
0.888669
0.898732
0.898732
0.219096
2.022154
0.830555
-1.973586
-1.234246
1.107503
2.188610
1.168425
2.835124
1.950367
1.227618
0.927036
1.458776
2.880270
4.330253
-0.987461
1.389790
1.413727
-1.012395
-0.282289
1.662584
-0.488011
-1.250676
1.332270
0.913539
4.761446
-0.029161
0.646875
1.352900
1.426560
1.979187
0.680388
1.723611
1.532515
2.520206
0.760436
1.311030
1.850121
3.773930
2.262618
5.736999
0.613917
2.111288
-1.907980
2.083984
0.584229
1.796917
1.111766
0.489722
1.671294
1.021402
1.021402
5.846264
-0.259080
0.571528
0.670639
0.801334
2.064508
0.834304
3.433309
0.313731
1.788248
0.097870
0.854591
-0.625754
-2.425317
-0.110017
0.036324
1.328953
1.328953
0.090346
0.090346
1.181949
1.138878
1.366181
1.195613
0.819206
1.645535
-1.615094
-0.887519
1.449964
1.308193
-2.709934
0.698455
1.745056
0.966786
0.966786
1.297217
1.155434
-1.547980
2.677451
-0.821479
0.330671
0.618750
2.702027
1.447740
0.388061
0.521670
1.286882
2.494082
0.787066
0.787066
-0.404218
1.117948
1.117948
0.442341
3.217705
1.664175
-0.175755
-0.348392
1.676404
2.655195
3.303006
-0.464646
5.304472
-0.257201
-0.391845
1.151014
1.064013
1.567517
-0.271341
-0.716238
2.023761
-1.598897
0.313140
0.947763
0.001634
0.580356
0.580356
1.161708
0.942887
1.042561
0.941944
-0.610662
0.933320
3.539029
0.058010
1.847095
2.632036
2.375499
-0.441700
0.602835
2.024418
-0.463224
1.980984
0.497923
0.497923
0.415655
-0.127788
2.063969
0.517807
-6.473195
1.582468
2.544273
2.332231
0.756441
0.761841
-3.465641
1.790063
0.997478
2.177244
-0.598282
1.787295
0.637059
1.543725
1.825040
2.174279
2.457938
4.130411
3.168775
0.966328
1.710420
0.705954
-0.345819
-2.992653
1.570206
2.667224
0.408534
0.184542
0.619404
0.677600
0.890381
1.909881
3.775387
1.753373
0.823766
1.192995
0.100407
1.872797
0.951680
0.585447
1.965063
0.492595
1.523786
1.484438
1.543009
1.375618
0.636815
0.723172
2.561496
0.742093
0.960132
-0.899030
0.569924
0.569924
1.876278
2.141419
0.997244
1.874732
2.063071
1.624598
-3.207456
-0.625846
1.295268
2.571529
0.698645
-1.586366
0.879263
-3.573173
2.621368
-0.503495
0.411670
0.887174
0.887174
0.679121
3.402784
-2.366409
1.876778
0.008523
0.008523
0.008523
-2.345339
6.755693
1.946689
-0.827091
1.661600
0.517305
1.215400
1.899524
1.072454
1.072454
0.346466
1.278935
-0.037174
2.033290
0.787973
0.267723
0.331495
-0.974213
0.715159
0.027051
0.647248
0.308473
0.613652
1.682211
1.693620
1.114755
3.963611
2.539127
2.145522
2.097772
1.316441
0.811131
-2.630469
0.283422
1.559694
0.527319
1.967101
0.964541
-0.604190
-0.914925
2.972734
0.304188
0.346396
0.937820
1.615571
-3.092976
1.034984
-1.689827
1.543548
1.344501
-1.472356
-0.575231
3.357433
-1.024723
-0.542011
2.067522
1.978983
2.658813
-0.338335
1.531918
0.099464
0.935609
0.935609
0.935609
0.935609
1.488862
-0.299293
1.699227
0.053603
1.534698
-0.699242
1.355535
-1.477373
2.205383
0.664589
-1.955865
1.306324
3.225769
1.512364
3.293066
-1.150843
0.002938
-1.274726
2.224255
1.721595
1.325251
-1.257028
-4.988090
0.088264
1.584418
1.584418
2.559134
0.092410
0.851574
0.851574
3.429851
1.453330
0.995180
2.069658
1.498500
1.186223
0.875456
2.602615
5.733548
-0.345794
0.229287
2.176685
3.069593
1.465466
0.860787
-0.423151
0.439097
0.768920
0.708288
-0.049643
1.813363
-2.424511
-0.382407
-7.761186
4.472490
2.129951
1.737308
1.906419
-0.568418
-2.278194
0.077824
1.215425
0.094872
1.753942
2.863312
4.020290
-0.325148
0.107579
0.288476
3.828811
1.421455
-0.378832
-0.054921
2.758540
-1.179842
1.824709
2.931232
2.075166
4.420121
1.145790
0.157481
1.433840
1.165753
0.281011
1.123373
-2.009831
0.036425
0.233534
1.891740
1.031060
6.441620
1.887045
1.524864
0.967235
1.164738
2.613863
1.829937
0.783451
2.742812
0.607147
1.601695
0.587068
1.772039
1.324445
0.843608
0.843608
-0.080021
-1.402196
1.535668
0.286337
1.562005
1.533857
0.436643
2.230007
-0.022538
3.944450
-1.228437
0.823079
4.187137
-1.069267
1.618298
1.498885
2.964490
0.353567
2.941626
3.499386
0.127920
1.584231
1.586181
1.586181
1.308749
1.453881
0.369226
2.187107
2.288111
2.185400
0.484013
4.149703
2.243900
0.446097
1.499044
1.475312
-2.094730
-3.570833
2.697872
0.785416
2.889619
0.950990
-2.029011
0.896711
0.054297
2.020212
0.476415
1.097188
-0.026816
1.615465
1.933042
2.043098
0.288124
2.044527
0.817159
3.763663
1.867791
1.551079
0.915693
1.234502
1.234502
3.080656
-0.107590
2.495433
0.943421
4.007282
2.291420
3.708443
-0.086700
0.286972
-0.429168
0.482155
-0.123030
2.059389
1.215673
1.700571
2.273626
2.985443
0.527507
4.799427
1.218481
0.331878
1.132205
0.858409
0.155609
-1.708979
1.336104
1.200415
-0.747694
-1.380988
2.101786
0.418328
1.194439
2.021353
1.323842
2.424725
5.438587
0.558775
1.323123
2.676595
0.345316
0.345316
0.887890
0.935904
2.361709
0.788761
1.232101
2.210094
-1.300612
-1.666132
2.062399
1.940772
3.571277
-2.724389
0.806797
0.942609
0.830117
0.560406
0.903035
4.278487
3.708735
1.623364
1.652925
0.268296
0.723709
0.723709
2.755183
3.333662
-0.785102
1.959963
1.673654
0.835475
0.577012
-2.940554
-0.106790
0.718422
1.602583
1.938602
3.584219
5.910039
2.872422
1.124466
1.124466
0.982862
1.447380
0.558876
0.254808
1.698688
-0.044974
5.747034
-0.640502
1.876340
0.573066
-0.099119
0.026746
0.643879
0.643879
1.346150
0.458694
0.273958
0.236160
1.795943
0.875597
0.419338
2.471791
-0.325729
-1.106376
3.778451
1.894417
2.083487
0.958341
0.958341
2.171074
0.145410
-0.868404
0.319701
0.885306
-1.245980
-1.523488
2.417498
2.703761
1.931120
0.875956
1.033261
1.412816
2.033741
0.465109
0.686244
0.459924
-0.074836
1.804347
3.483812
1.709015
5.217128
4.453705
6.895243
2.975399
0.357314
1.183810
0.242492
1.598489
4.967539
2.997120
1.662490
0.919772
0.919772
1.096394
1.096394
2.311462
1.710494
1.822815
-0.890650
-0.457661
0.112059
1.192167
1.496372
2.088897
1.071834
2.445625
-0.027344
3.349547
0.215339
-0.144457
1.004745
1.461438
1.894127
2.627363
-0.077308
0.520801
-0.141814
-0.344686
1.984453
2.651004
-1.557528
0.542079
0.484440
0.484440
-0.065868
-0.207854
-0.661681
1.283424
-1.150339
2.234104
1.249921
-5.033586
-1.509123
-5.398714
3.599339
1.670843
1.396641
2.164208
1.679710
1.639958
0.757426
-0.300801
0.625112
1.200797
-0.020192
1.156782
0.710718
2.024437
1.282567
0.042889
0.466601
1.839730
0.317205
2.220965
-2.249085
2.857645
2.690771
-1.982222
-0.616629
2.089041
0.503828
1.977700
2.917148
1.060162
1.778149
0.084906
2.748443
-0.774906
-0.009024
1.078233
-0.975042
0.956075
-0.060181
0.234621
6.469322
-0.235840
6.789537
0.818802
0.425725
1.778505
2.288064
1.945562
-0.094853
0.207048
0.689752
0.615317
1.085312
-0.856514
1.235873
1.235873
2.175980
0.191318
1.578558
1.811566
2.176961
0.603010
1.453009
-8.987659
3.165824
0.293967
1.251519
2.517015
-0.005357
-0.065706
0.429564
-0.336459
1.216778
0.537329
1.247564
1.912667
-0.520660
-1.649574
0.010562
1.780183
1.345338
1.458079
0.046952
2.300437
0.226214
1.097914
0.939483
0.801960
0.801960
0.058576
2.195221
0.925331
1.884524
2.126720
-0.397440
-0.019608
-1.227471
0.257557
1.920795
1.920795
3.160356
1.846898
1.238960
1.238960
2.606258
1.922252
2.769476
0.099311
1.107081
1.775716
3.166669
0.635147
0.635147
-2.403696
0.759390
0.223802
2.579288
1.624932
1.593001
-0.015893
3.087110
1.913647
1.895288
-0.256796
1.703184
0.243364
1.340594
1.723930
0.331323
1.816688
2.693962
1.079436
5.810487
0.404961
1.463909
1.082040
1.529588
0.486134
-0.784611
2.046890
2.683246
0.317798
1.711445
0.806651
5.879555
1.372128
0.383957
3.197930
2.342266
0.088411
3.444287
-0.221842
-2.062598
2.462184
3.048220
0.691612
0.282268
0.540877
1.802610
0.589380
0.619264
1.321143
1.344583
1.423750
1.423750
1.423750
0.358927
1.874434
0.312778
-0.154888
-0.154888
1.207920
3.042409
-0.356784
0.524342
3.304370
0.241999
-0.471415
2.166363
-2.993777
0.742463
0.467871
1.304725
0.009409
0.175133
-0.821577
0.022225
0.552312
-0.928577
0.918678
-1.244478
0.453781
0.350524
1.457029
1.564281
2.069393
-1.969280
2.716243
2.369571
1.405396
1.639163
0.755415
1.229216
2.866339
1.816938
2.625692
0.102930
0.102930
-1.753420
-0.877936
1.371311
1.266098
5.911288
8.974793
1.988851
0.255152
-0.820825
0.920478
1.344293
1.344293
3.321548
2.800431
0.511518
1.824987
-0.802946
0.074460
1.287424
0.310938
0.645099
2.166733
1.535578
0.712413
2.954581
-0.439645
0.478839
2.072993
2.484448
4.160578
0.721918
0.721918
0.721918
1.301656
0.480421
0.197285
1.018996
2.066532
1.233072
-0.254408
1.755560
2.159249
0.691873
1.656654
2.814255
1.250906
0.142646
1.428312
2.143158
1.533318
0.278502
-0.509216
-0.659011
1.204702
0.337352
-0.406270
0.947103
2.046960
2.695324
2.142448
0.852986
-0.328577
-0.145694
0.695617
0.695617
0.540167
3.026678
2.241377
2.384427
1.865059
0.626255
-0.103228
-0.041293
3.958141
2.704908
0.774797
2.107290
1.648043
1.714867
2.415353
2.298294
0.276160
0.570210
1.729456
-0.433492
2.028490
1.708662
1.936425
0.914017
0.792924
-3.941352
0.937490
0.873464
0.809361
1.147860
0.390182
-0.191449
-3.283840
-0.418876
1.460947
-2.721435
-2.587594
1.607202
0.144418
1.324515
1.474287
0.131320
1.808241
2.740346
-0.310987
-0.003964
0.322661
0.152111
2.774797
2.066370
-3.443882
-2.679564
-0.232704
-1.082085
7.151908
3.138028
2.479848
-0.939483
2.966437
0.392281
1.234162
-0.791710
