-1.307887 1
-1.302313 1
-1.309080 1
-1.311936 1
-1.331017 1
-1.329934 1
-1.316861 1
-1.301427 1
-1.314750 1
-1.304493 1
-1.293815 1
-1.303812 1
-1.304858 1
-1.302473 1
-1.309207 1
-1.307089 1
-1.319794 1
-1.322957 1
-1.323972 1
-1.335916 1
-1.336610 1
-1.345661 1
-1.352676 1
-1.352024 1
-1.369610 1
-1.363674 1
-1.377723 1
-1.369856 1
-1.385954 1
-1.389900 1
-1.374158 1
-1.387938 1
-1.400674 1
-1.396351 1
-1.392144 1
-1.401720 1
-1.400721 1
-1.408433 1
-1.406487 1
-1.398905 1
-1.391867 1
-1.391680 1
-1.393138 1
-1.367290 1
-1.364786 1
-1.372290 1
-1.374147 1
-1.368476 1
-1.375367 1
-1.380916 1
-1.394951 1
-1.388183 1
-1.394809 1
-1.396685 1
-1.408734 1
-1.415085 1
-1.418380 1
-1.408823 1
-1.393211 1
-1.397398 1
-1.398575 1
-1.400699 1
-1.388512 1
-1.400712 1
-1.391265 1
-1.397051 1
-1.379440 1
-1.376298 1
-1.363648 1
-1.376657 1
-1.373786 1
-1.381632 1
-1.374305 1
-1.374585 1
-1.396964 1
-1.407310 1
-1.407367 1
-1.434290 1
-1.446705 1
-1.458236 1
-1.452307 1
-1.448683 1
-1.450942 1
-1.466366 1
-1.463260 1
-1.464048 1
-1.469613 1
-1.476631 1
-1.476276 1
-1.463346 1
-1.449760 1
-1.438473 1
-1.446289 1
-1.444850 1
-1.458512 1
-1.454987 1
-1.464949 1
-1.471544 1
-1.458244 1
-1.467009 1
-1.453336 1
-1.460111 1
-1.446847 1
-1.466129 1
-1.449081 1
-1.451640 1
-1.445095 1
-1.453973 1
-1.452122 1
-1.425915 1
-1.426290 1
-1.432569 1
-1.438499 1
-1.428578 1
-1.426043 1
-1.411114 1
-1.403818 1
-1.423372 1
-1.423390 1
-1.424840 1
-1.435611 1
-1.432498 1
-1.427893 1
-1.413571 1
-1.415562 1
-1.425272 1
-1.432009 1
-1.447319 1
-1.442817 1
-1.434957 1
-1.442887 1
-1.434103 1
-1.429937 1
-1.440291 1
-1.450634 1
-1.449198 1
-1.443451 1
-1.435279 1
-1.427808 1
-1.414372 1
-1.419441 1
-1.429680 1
-1.416311 1
-1.416530 1
-1.430313 1
-1.425450 1
-1.434585 1
-1.414133 1
-1.402879 1
-1.393063 1
-1.415471 1
-1.417175 1
-1.404759 1
-1.405344 1
-1.394532 1
-1.385079 1
-1.378893 1
-1.386002 1
-1.374743 1
-1.364957 1
-1.359729 1
-1.363888 1
-1.381537 1
-1.385076 1
-1.388261 1
-1.391650 1
-1.383363 1
-1.392466 1
-1.391728 1
-1.383883 1
-1.397816 1
-1.409332 1
-1.399659 1
-1.406843 1
-1.414669 1
-1.421152 1
-1.424837 1
-1.413159 1
-1.407856 1
-1.404186 1
-1.410997 1
-1.418326 1
-1.415729 1
-1.424769 1
-1.427838 1
-1.438502 1
-1.441943 1
-1.461071 1
-1.460280 1
-1.456338 1
-1.452931 1
-1.439847 1
-1.432911 1
-1.434757 1
-1.442055 1
-1.427899 1
-1.414466 1
-1.398246 1
-1.398751 1
-1.385724 1
-1.389048 1
-1.390774 1
-1.383825 1
-1.396418 1
-1.384744 1
-1.401290 1
-1.392766 1
-1.390299 1
-1.388200 1
-1.385225 1
-1.386773 1
-1.381400 1
-1.383202 1
-1.386274 1
-1.406305 1
-1.422978 1
-1.424459 1
-1.430000 1
-1.446238 1
-1.439936 1
-1.436662 1
-1.438041 1
-1.441598 1
-1.424267 1
-1.427491 1
-1.431936 1
-1.447180 1
-1.439844 1
-1.422821 1
-1.415721 1
-1.423926 1
-1.439216 1
-1.447751 1
-1.447736 1
-1.454364 1
-1.453371 1
-1.457955 1
-1.436432 1
-1.449375 1
-1.439706 1
-1.424576 1
-1.410008 1
-1.405874 1
-1.401925 1
-1.381654 1
-1.374710 1
-1.388290 1
-1.402960 1
-1.401569 1
-1.398743 1
-1.395496 1
-1.404799 1
-1.398866 1
-1.396889 1
-1.390285 1
-1.398415 1
-1.418134 1
-1.449250 1
-1.452115 1
-1.451198 1
-1.461599 1
-1.463197 1
-1.472079 1
-1.473213 1
-1.462944 1
-1.468315 1
-1.456169 1
-1.438903 1
-1.444569 1
-1.456828 1
-1.453822 1
-1.453723 1
-1.455969 1
-1.450194 1
-1.444503 1
-1.444014 1
-1.436066 1
-1.432823 1
-1.432697 1
-1.419341 1
-1.422234 1
-1.399381 1
-1.386701 1
-1.385154 1
-1.376567 1
-1.372837 1
-1.371495 1
-1.384359 1
-1.391454 1
-1.417852 1
-1.419187 1
-1.420392 1
-1.428435 1
-1.407180 1
-1.396952 1
-1.384881 1
-1.383275 1
-1.368380 1
-1.383465 1
-1.388791 1
-1.397433 1
-1.399483 1
-1.391815 1
-1.382978 1
-1.375020 1
-1.381537 1
-1.383236 1
-1.375435 1
-1.373221 1
-1.362765 1
-1.363053 1
-1.363789 1
-1.363813 1
-1.353972 1
-1.359305 1
-1.366771 1
-1.354142 1
-1.369989 1
-1.378279 1
-1.367143 1
-1.346602 1
-1.354719 1
-1.362652 1
-1.359761 1
-1.349458 1
-1.351679 1
-1.368491 1
-1.386264 1
-1.388755 1
-1.394315 1
-1.400722 1
-1.418380 1
-1.424249 1
-1.425934 1
-1.433587 1
-1.442317 1
-1.440783 1
-1.460191 1
-1.471463 1
-1.483862 1
-1.486500 1
-1.492230 1
-1.498170 1
-1.504935 1
-1.513563 1
-1.499804 1
-1.506448 1
-1.487416 1
-1.494749 1
-1.489288 1
-1.515350 1
-1.520232 1
-1.514672 1
-1.520236 1
-1.520352 1
-1.523790 1
-1.505868 1
-1.507495 1
-1.493933 1
-1.490804 1
-1.476243 1
-1.479039 1
-1.477589 1
-1.470234 1
-1.463314 1
-1.463690 1
-1.480445 1
-1.470625 1
-1.464504 1
-1.485277 1
-1.498469 1
-1.502145 1
-1.517937 1
-1.521972 1
-1.528062 1
-1.514343 1
-1.527963 1
-1.535623 1
-1.532995 1
-1.537920 1
-1.536866 1
-1.529753 1
-1.516336 1
-1.501383 1
-1.495795 1
-1.503717 1
-1.498809 1
-1.496072 1
-1.497379 1
-1.495988 1
-1.488838 1
-1.493988 1
-1.492668 1
-1.495448 1
-1.488167 1
-1.492027 1
-1.490842 1
-1.485212 1
-1.490598 1
-1.479693 1
-1.482349 1
-1.490452 1
-1.491768 1
-1.495749 1
-1.495506 1
-1.487500 1
-1.492478 1
-1.484576 1
-1.483730 1
-1.470962 1
-1.466916 1
-1.477305 1
-1.484122 1
-1.474585 1
-1.480536 1
-1.485000 1
-1.489808 1
-1.484754 1
-1.474713 1
-1.469012 1
-1.466315 1
-1.435960 1
-1.440775 1
-1.436870 1
-1.422078 1
-1.417778 1
-1.431839 1
-1.417296 1
-1.425683 1
-1.431823 1
-1.441459 1
-1.436444 1
-1.439111 1
-1.433736 1
-1.441377 1
-1.453424 1
-1.471791 1
-1.469162 1
-1.474303 1
-1.473701 1
-1.468034 1
-1.475467 1
-1.479263 1
-1.457392 1
-1.462185 1
-1.462233 1
-1.470297 1
-1.464522 1
-1.470562 1
-1.470054 1
-1.458039 1
-1.460606 1
-1.464948 1
-1.466358 1
-1.466554 1
-1.470833 1
-1.475374 1
-1.459618 1
-1.451075 1
-1.452420 1
-1.444450 1
-1.452754 1
-1.454264 1
-1.468228 1
-1.479575 1
-1.466613 1
-1.464889 1
-1.474697 1
-1.477075 1
-1.471153 1
-1.469227 1
-1.467345 1
-1.470802 1
-1.467404 1
-1.453883 1
-1.447086 1
-1.449710 1
-1.454795 1
-1.455609 1
-1.434543 1
-1.437891 1
-1.437434 1
-1.436565 1
-1.433393 1
-1.419149 1
-1.412894 1
-1.409007 1
-1.411398 1
-1.390296 1
-1.391060 1
-1.376928 1
-1.361828 1
-1.360904 1
-1.366725 1
-1.358947 1
-1.363473 1
-1.364501 1
-1.380936 1
-1.375495 1
-1.378331 1
-1.399449 1
-1.394904 1
-1.415215 1
-1.411522 1
-1.424036 1
-1.443545 1
-1.444613 1
-1.450045 1
-1.452555 1
-1.450502 1
-1.448011 1
-1.441478 1
-1.433354 1
-1.429218 1
-1.422013 1
-1.417425 1
-1.419931 1
-1.401670 1
-1.397564 1
-1.390227 1
-1.401964 1
-1.407959 1
-1.400828 1
-1.399582 1
-1.404673 1
-1.410679 1
-1.424995 1
-1.427505 1
-1.429798 1
-1.423705 1
-1.402590 1
-1.403998 1
-1.393678 1
-1.408753 1
-1.423402 1
-1.424725 1
-1.432867 1
-1.426816 1
-1.423562 1
-1.419246 1
-1.418945 1
-1.431666 1
-1.448827 1
-1.451007 1
-1.442396 1
-1.445338 1
-1.449751 1
-1.462550 1
-1.451941 1
-1.455855 1
-1.448285 1
-1.432195 1
-1.435530 1
-1.446216 1
-1.456376 1
-1.455395 1
-1.452824 1
-1.440003 1
-1.444945 1
-1.444718 1
-1.457498 1
-1.462540 1
-1.465630 1
-1.467232 1
-1.468738 1
-1.466171 1
-1.459944 1
-1.473094 1
-1.473517 1
-1.467842 1
-1.458587 1
-1.458660 1
-1.465104 1
-1.462176 1
-1.471704 1
-1.466860 1
-1.473026 1
-1.468922 1
-1.470227 1
-1.466364 1
-1.454612 1
-1.460383 1
-1.450656 1
-1.444423 1
-1.436796 1
-1.443908 1
-1.428440 1
-1.441060 1
-1.440847 1
-1.439025 1
-1.438278 1
-1.427771 1
-1.438097 1
-1.420306 1
-1.400924 1
-1.393305 1
-1.397774 1
-1.400272 1
-1.407893 1
-1.409955 1
-1.424408 1
-1.442672 1
-1.440006 1
-1.439071 1
-1.445135 1
-1.435984 1
-1.434840 1
-1.427333 1
-1.444737 1
-1.440308 1
-1.439020 1
-1.441559 1
-1.439849 1
-1.446335 1
-1.442588 1
-1.428343 1
-1.415502 1
-1.405724 1
-1.413545 1
-1.414333 1
-1.403608 1
-1.390558 1
-1.380934 1
-1.381398 1
-1.374410 1
-1.367593 1
-1.374284 1
-1.366536 1
-1.360000 1
-1.354387 1
-1.340857 1
-1.319471 1
-1.324596 1
-1.325902 1
-1.350810 1
-1.339172 1
-1.329494 1
-1.328940 1
-1.327102 1
-1.329661 1
-1.323666 1
-1.342131 1
-1.328031 1
-1.319891 1
-1.321174 1
-1.331707 1
-1.322874 1
-1.330215 1
-1.323406 1
-1.313816 1
-1.322996 1
-1.333682 1
-1.334438 1
-1.325446 1
-1.338496 1
-1.336888 1
-1.336971 1
-1.351831 1
-1.371641 1
-1.356387 1
-1.373198 1
-1.384828 1
-1.392702 1
-1.408923 1
-1.411908 1
-1.415048 1
-1.434654 1
-1.433048 1
-1.438535 1
-1.436027 1
-1.436932 1
-1.441956 1
-1.437579 1
-1.426141 1
-1.420104 1
-1.409962 1
-1.418702 1
-1.414066 1
-1.414976 1
-1.413027 1
-1.409162 1
-1.422240 1
-1.440047 1
-1.441004 1
-1.454870 1
-1.455806 1
-1.475196 1
-1.491822 1
-1.483721 1
-1.483972 1
-1.487690 1
-1.485066 1
-1.488392 1
-1.456840 1
-1.455519 1
-1.444845 1
-1.458907 1
-1.457181 1
-1.445753 1
-1.466627 1
-1.479757 1
-1.480226 1
-1.494700 1
-1.504095 1
-1.499973 1
-1.480262 1
-1.487536 1
-1.480606 1
-1.473266 1
-1.471224 1
-1.488247 1
-1.482290 1
-1.487602 1
-1.498527 1
-1.497869 1
-1.497869 0
-1.493995 1
-1.472432 1
-1.471926 1
-1.474741 1
-1.463258 1
-1.468796 1
-1.468274 1
-1.469613 1
-1.458952 1
-1.459581 1
-1.462840 1
-1.463766 1
-1.457319 1
-1.465778 1
-1.474143 1
-1.464525 1
-1.459996 1
-1.440185 1
-1.437953 1
-1.445156 1
-1.452944 1
-1.453968 1
-1.448504 1
-1.453286 1
-1.467241 1
-1.459949 1
-1.461030 1
-1.455698 1
-1.461365 1
-1.463870 1
-1.457495 1
-1.464359 1
-1.461726 1
-1.464652 1
-1.446865 1
-1.452334 1
-1.452092 1
-1.458082 1
-1.425006 1
-1.427831 1
-1.416131 1
-1.408212 1
-1.404795 1
-1.392220 1
-1.394883 1
-1.375644 1
-1.359470 1
-1.368679 1
-1.378119 1
-1.371754 1
-1.370744 1
-1.370621 1
-1.367640 1
-1.378424 1
-1.375463 1
-1.356990 1
-1.361048 1
-1.385428 1
-1.392970 1
-1.399607 1
-1.411971 1
-1.409943 1
-1.418357 1
-1.426294 1
-1.435525 1
-1.428434 1
-1.420644 1
-1.422828 1
-1.419344 1
-1.421500 1
-1.420821 1
-1.413037 1
-1.433335 1
-1.429815 1
-1.421164 1
-1.433808 1
-1.436750 1
-1.455430 1
-1.455591 1
-1.442322 1
-1.436729 1
-1.425406 1
-1.435083 1
-1.445516 1
-1.444068 1
-1.457940 1
-1.458362 1
-1.459274 1
-1.467225 1
-1.477034 1
-1.468384 1
-1.472236 1
-1.475633 1
-1.482143 1
-1.472150 1
-1.473355 1
-1.481567 1
-1.488138 1
-1.494062 1
-1.492188 1
-1.487612 1
-1.476435 1
-1.493492 1
-1.487480 1
-1.484678 1
-1.495723 1
-1.485006 1
-1.490024 1
-1.499137 1
-1.505189 1
-1.505466 1
-1.492314 1
-1.488445 1
-1.494449 1
-1.492035 1
-1.492868 1
-1.488354 1
-1.475989 1
-1.475013 1
-1.472963 1
-1.466676 1
-1.467561 1
-1.459930 1
-1.466865 1
-1.461540 1
-1.473408 1
-1.482603 1
-1.486007 1
-1.488860 1
-1.485086 1
-1.480427 1
-1.491539 1
-1.504905 1
-1.506588 1
-1.522624 1
-1.518338 1
-1.504890 1
-1.502459 1
-1.493571 1
-1.495629 1
-1.492201 1
-1.505451 1
-1.505622 1
-1.513525 1
-1.517314 1
-1.530936 1
-1.523099 1
-1.519000 1
-1.523850 1
-1.526958 1
-1.526094 1
-1.527720 1
-1.527139 1
-1.528424 1
-1.539633 1
-1.543105 1
-1.533184 1
-1.530680 1
-1.539155 1
-1.534966 1
-1.536241 1
-1.544396 1
-1.552609 1
-1.551430 1
-1.551312 1
-1.523058 1
-1.520825 1
-1.524698 1
-1.525315 1
-1.538335 1
-1.553007 1
-1.557090 1
-1.551295 1
-1.550026 1
-1.554458 1
-1.541192 1
-1.551489 1
-1.550886 1
-1.543215 1
-1.535042 1
-1.512365 1
-1.500060 1
-1.499720 1
-1.514680 1
-1.517532 1
-1.545733 1
-1.546826 1
-1.551361 1
-1.551832 1
-1.546603 1
-1.554765 1
-1.565938 1
-1.571979 1
-1.566392 1
-1.573959 1
-1.564584 1
-1.553531 1
-1.556150 1
-1.554022 1
-1.572874 1
-1.588187 1
-1.603746 1
-1.619211 1
-1.604430 1
-1.622837 1
-1.637526 1
-1.646194 1
-1.663409 1
-1.659837 1
-1.646498 1
-1.653356 1
-1.649504 1
-1.653614 1
-1.649725 1
-1.673107 1
-1.674215 1
-1.676691 1
-1.691423 1
-1.690120 1
-1.689395 1
-1.673413 1
-1.670967 1
-1.709885 1
-1.695295 1
-1.685809 1
-1.688033 1
-1.680176 1
-1.678931 1
-1.664739 1
-1.669372 1
-1.679199 1
-1.677104 1
-1.681255 1
-1.680747 1
-1.682965 1
-1.693217 1
-1.693077 1
-1.692934 1
-1.694138 1
-1.703002 1
-1.689771 1
-1.675637 1
-1.665302 1
-1.652556 1
-1.635874 1
-1.626738 1
-1.638153 1
-1.639438 1
-1.646875 1
-1.645297 1
-1.651849 1
-1.631400 1
-1.629775 1
-1.627544 1
-1.630727 1
-1.646059 1
-1.658781 1
-1.663091 1
-1.672887 1
-1.661165 1
-1.661540 1
-1.681315 1
-1.671132 1
-1.677010 1
-1.685172 1
-1.681496 1
-1.678418 1
-1.686011 1
-1.672183 1
-1.676611 1
-1.677454 1
-1.667393 1
-1.667430 1
-1.651584 1
-1.638706 1
-1.634408 1
-1.640356 1
-1.646497 1
-1.650228 1
-1.663928 1
-1.656465 1
-1.661726 1
-1.671688 1
-1.661050 1
