-0.607673 0
-1.724309 1
-1.724309 0
-1.899312 1
-2.132662 1
-2.076893 1
-2.076893 0
-2.599425 1
-3.212863 1
-2.209155 1
-3.018309 1
-2.014065 1
-1.059948 1
-1.098702 1
-1.917930 1
-2.425005 1
-0.046312 1
0.047781 1
-0.331532 1
-0.319988 1
-0.136430 1
0.193872 1
1.111165 1
1.071388 1
1.071388 0
1.694237 1
1.694237 0
1.694237 0
2.033448 1
2.033448 0
2.608205 1
2.204979 1
1.862167 1
1.702755 1
1.702755 0
1.702755 0
0.469937 1
0.252318 1
0.252318 0
0.252318 0
1.520306 1
3.089778 1
3.089778 0
3.089778 0
3.089778 0
3.089778 0
1.647159 1
2.385334 1
2.665395 1
2.665395 0
2.665395 0
2.665395 0
2.580756 1
1.567276 1
1.567276 0
2.079696 1
2.086738 1
3.506769 1
3.527117 1
3.527117 0
3.527117 0
3.520883 1
3.520883 0
3.520883 0
4.204843 1
4.204843 0
4.914927 1
5.031356 1
5.370568 1
5.064993 1
2.154072 1
2.154072 0
2.154072 0
2.154072 0
2.704638 1
2.029963 1
1.314551 1
2.554304 1
1.401840 1
1.470777 1
1.793641 1
1.528057 1
1.528057 0
1.023787 1
1.252020 1
1.252020 0
1.978343 1
2.544879 1
2.312041 1
2.108828 1
3.343456 1
1.959690 1
1.959690 0
2.765046 1
3.062521 1
2.701913 1
2.503280 1
3.026069 1
2.985833 1
4.233610 1
2.812026 1
1.217816 1
2.338192 1
2.285905 1
1.657140 1
1.400721 1
1.630440 1
1.725613 1
2.033374 1
2.033374 0
2.033374 0
1.076475 1
2.552744 1
2.552744 0
2.076473 1
2.076473 0
1.556763 1
1.210980 1
1.210980 0
2.139937 1
1.834975 1
1.834975 0
1.889261 1
2.258123 1
2.765559 1
2.765559 0
3.008003 1
2.786684 1
1.350046 1
1.823606 1
1.132019 1
0.988820 1
0.988820 0
1.256158 1
1.256158 0
1.256158 0
0.152132 1
0.698177 1
0.698177 0
1.988718 1
2.326967 1
1.703824 1
1.703824 0
1.415470 1
2.083123 1
0.676694 1
0.676694 0
1.329718 1
1.914254 1
2.106623 1
2.026235 1
2.026235 0
2.026235 0
2.026235 0
2.923712 1
1.970431 1
1.882153 1
0.855422 1
1.997822 1
2.356363 1
1.998160 1
1.998160 0
1.998160 0
0.950398 1
0.843770 1
0.509600 1
0.707679 1
1.368570 1
1.368570 0
3.510732 1
3.499397 1
3.499397 0
3.662518 1
3.494959 1
3.838650 1
2.494684 1
1.541568 1
1.264019 1
0.207847 1
0.207847 0
0.204435 1
-0.875432 1
-0.875432 0
-0.875432 0
-1.854276 1
-1.160694 1
0.033726 1
-0.543416 1
-0.543416 0
0.468547 1
0.468547 0
0.423390 1
0.916523 1
0.937728 1
2.655437 1
1.618341 1
1.764918 1
1.764918 0
2.240632 1
1.682224 1
2.010360 1
2.010360 0
0.519575 1
-0.449669 1
-0.107859 1
-0.107859 0
0.172697 1
0.172697 0
-0.862953 1
-0.862953 0
-0.270972 1
0.099556 1
1.729534 1
2.545807 1
2.306425 1
2.306425 0
2.306425 0
2.461513 1
2.232839 1
1.207697 1
1.190896 1
1.240188 1
2.220430 1
2.200267 1
1.838249 1
1.838249 0
3.633642 1
2.967933 1
2.967933 0
2.967933 0
3.817112 1
2.596858 1
1.383894 1
1.383894 0
1.051899 1
1.607190 1
1.607190 0
0.554847 1
0.554847 0
1.099292 1
1.833360 1
2.552664 1
2.805134 1
2.805134 0
2.511382 1
2.144053 1
3.419752 1
2.680168 1
1.525726 1
2.785062 1
1.602180 1
2.344363 1
2.344363 0
1.843476 1
2.896597 1
3.318873 1
2.119800 1
2.119800 0
1.359734 1
1.359734 0
1.752502 1
2.603225 1
2.024192 1
2.024192 0
1.995959 1
2.434819 1
2.434819 0
2.644725 1
2.085204 1
3.565255 1
3.188479 1
3.188479 0
2.887112 1
3.653263 1
2.618799 1
1.827773 1
2.520930 1
2.487945 1
2.370141 1
1.775585 1
1.775585 0
2.160877 1
2.417408 1
2.788647 1
3.350440 1
1.525643 1
2.095680 1
2.095680 0
2.456594 1
2.456594 0
2.846484 1
1.053336 1
2.076682 1
2.076682 0
2.101837 1
2.426046 1
2.255873 1
1.936925 1
1.936925 0
1.819913 1
1.819913 0
0.934263 1
0.934263 0
0.934263 0
2.280024 1
2.280024 0
2.692672 1
2.392425 1
2.614901 1
2.614901 0
2.614901 0
1.478689 1
1.897337 1
1.791700 1
1.791700 0
1.791700 0
1.950125 1
1.496413 1
1.651639 1
1.651639 0
1.651639 0
1.651639 0
1.651639 0
1.651639 0
1.651639 0
1.190275 1
1.190275 0
0.205713 1
0.205713 0
0.382403 1
0.894345 1
1.272934 1
2.846502 1
1.719030 1
1.555728 1
2.144157 1
2.144157 0
1.015749 1
2.459048 1
2.652050 1
1.157736 1
2.981463 1
2.782663 1
3.516755 1
1.822636 1
1.783325 1
1.783325 0
1.683177 1
0.120995 1
-0.374290 1
-1.514135 1
-1.551558 1
-0.239737 1
-0.520013 1
-0.520013 0
-0.520013 0
-0.359312 1
-0.359312 0
0.129332 1
0.129332 0
0.129332 0
1.199529 1
1.867398 1
2.110727 1
1.462488 1
1.447927 1
1.447927 0
1.447927 0
0.698811 1
0.698811 0
1.937233 1
1.937233 0
1.937233 0
2.549877 1
1.957033 1
1.957033 0
1.353777 1
1.736037 1
1.736037 0
1.736037 0
1.736037 0
1.364256 1
1.479737 1
2.156351 1
1.215145 1
2.047810 1
1.854790 1
1.854790 0
1.129923 1
1.385088 1
0.963267 1
1.545547 1
1.351250 1
2.378624 1
2.378624 0
2.378624 0
1.668883 1
1.253422 1
1.253422 0
1.875822 1
0.867655 1
2.278290 1
1.938811 1
1.938811 0
1.938811 0
0.602727 1
0.864095 1
2.045928 1
1.023014 1
1.699100 1
1.699100 0
1.699100 0
1.699100 0
1.699100 0
1.699100 0
0.653848 1
0.403796 1
0.723519 1
0.810458 1
2.633259 1
3.686249 1
3.686249 0
4.475859 1
3.387511 1
3.432508 1
3.432508 0
3.402594 1
3.672953 1
3.672953 0
3.529168 1
3.140134 1
2.000012 1
1.769100 1
1.769100 0
1.769100 0
1.964095 1
2.055848 1
2.203892 1
2.203892 0
1.477413 1
1.477413 0
1.872259 1
1.773329 1
2.297691 1
1.423794 1
2.045021 1
1.412193 1
2.855570 1
2.032662 1
2.032662 0
0.177588 1
2.070857 1
0.586900 1
0.359509 1
0.280594 1
0.730097 1
0.730097 0
0.131398 1
1.402808 1
1.181158 1
0.522364 1
0.791496 1
0.597369 1
1.045205 1
1.045205 0
1.873988 1
1.873988 0
1.650082 1
1.650082 0
3.182682 1
3.544287 1
3.598918 1
3.889083 1
3.889083 0
3.915085 1
3.915085 0
2.945524 1
2.945524 0
3.380539 1
3.380539 0
3.380539 0
3.380539 0
3.380539 0
3.380539 0
2.913988 1
2.913988 0
2.913988 0
2.864823 1
1.828696 1
1.298003 1
0.735619 1
1.102169 1
1.341789 1
2.404448 1
1.489841 1
1.476967 1
1.476967 0
1.774211 1
2.614213 1
1.686245 1
1.686245 0
2.083712 1
0.828920 1
1.346725 1
2.561970 1
2.401680 1
1.979384 1
1.945755 1
2.195357 1
2.195357 0
1.065281 1
2.514495 1
2.514495 0
2.739771 1
2.739771 0
2.484711 1
3.334072 1
3.334072 0
3.334072 0
3.334072 0
3.783513 1
3.783513 0
4.085558 1
3.866739 1
4.221679 1
4.221679 0
4.104400 1
3.105161 1
3.105161 0
3.105161 0
3.018746 1
3.018746 0
2.523432 1
1.792522 1
1.578607 1
1.187696 1
1.187696 0
1.187696 0
1.187696 0
1.187696 0
1.029809 1
1.029809 0
0.823041 1
1.449696 1
2.301779 1
2.301797 1
1.290637 1
1.278180 1
1.711655 1
1.711655 0
2.098570 1
2.098570 0
1.978228 1
2.507014 1
1.238170 1
1.238170 0
1.238170 0
1.030486 1
2.014821 1
2.014821 0
0.359104 1
0.931687 1
0.931687 0
0.931687 0
1.859239 1
1.859239 0
2.007083 1
2.315276 1
2.553101 1
1.907155 1
2.130643 1
1.402184 1
1.251431 1
-0.022611 1
0.573208 1
0.573208 0
0.573208 0
0.573208 0
0.660827 1
1.575856 1
1.422974 1
1.422974 0
1.173044 1
1.813702 1
1.813702 0
2.084922 1
2.084922 0
1.966622 1
1.259886 1
1.259886 0
1.259886 0
1.399120 1
1.436386 1
1.312037 1
1.421035 1
1.420312 1
1.103202 1
2.635000 1
2.665164 1
2.665164 0
2.208824 1
2.208824 0
1.707070 1
1.538191 1
2.051157 1
2.051157 0
2.105398 1
2.105398 0
2.105398 0
1.612366 1
3.061752 1
3.061752 0
3.818001 1
5.233169 1
4.536460 1
4.476496 1
4.224649 1
1.868879 1
1.277842 1
0.530739 1
0.530739 0
0.747980 1
2.482971 1
2.750160 1
2.503767 1
3.535252 1
3.202682 1
3.202682 0
2.991850 1
2.991850 0
2.991850 0
1.557180 1
2.507621 1
2.507621 0
2.507621 0
2.838515 1
3.114529 1
0.822378 1
1.222865 1
1.222865 0
1.636699 1
1.604915 1
2.767729 1
3.339124 1
4.158198 1
3.757768 1
3.590177 1
2.758452 1
2.758452 0
2.758264 1
2.758264 0
2.853337 1
2.853337 0
2.610477 1
2.366795 1
2.366795 0
2.366795 0
2.366795 0
2.186927 1
2.186927 0
3.617014 1
2.359469 1
2.662003 1
2.822030 1
2.822030 0
2.822030 0
2.822030 0
2.540741 1
1.618716 1
1.618716 0
2.232743 1
2.610101 1
2.093184 1
3.063968 1
2.767324 1
2.164638 1
1.631970 1
1.167232 1
0.862942 1
2.134939 1
1.333375 1
1.333375 0
0.312642 1
0.609267 1
0.609267 0
0.524759 1
0.933710 1
1.716736 1
1.340579 1
2.325277 1
0.953698 1
0.953698 0
0.302394 1
0.087790 1
0.759380 1
0.743233 1
0.696397 1
0.313344 1
0.099464 1
0.099464 0
0.803061 1
-0.307258 1
-0.178566 1
0.397271 1
0.397271 0
0.429064 1
2.183744 1
1.878058 1
1.878058 0
2.174087 1
2.025373 1
2.084130 1
2.084130 0
2.084130 0
1.966911 1
1.966911 0
1.875489 1
2.530374 1
0.894752 1
-0.083595 1
0.287601 1
1.451739 1
0.856560 1
1.537172 1
0.999460 1
3.179203 1
3.626052 1
3.626052 0
1.469008 1
1.616605 1
1.616605 0
1.156870 1
1.156870 0
1.156870 0
1.156870 0
0.757254 1
0.757254 0
0.757254 0
1.930360 1
2.316692 1
1.888150 1
3.020981 1
3.643884 1
2.149999 1
2.358678 1
1.323457 1
1.323457 0
1.206268 1
2.852159 1
2.656533 1
1.429307 1
1.429307 0
2.708730 1
2.569816 1
1.822242 1
2.950554 1
1.527344 1
1.527344 0
1.527344 0
0.968649 1
1.515785 1
2.341845 1
2.040996 1
2.040996 0
2.710527 1
2.997465 1
3.033198 1
3.033198 0
1.075971 1
1.773479 1
1.488912 1
1.044787 1
1.611629 1
1.288248 1
1.288248 0
2.550033 1
2.871331 1
0.701306 1
2.057906 1
2.057906 0
2.444562 1
2.444562 0
2.011715 1
2.011715 0
2.113649 1
3.317843 1
3.317843 0
2.183650 1
2.281083 1
1.308422 1
1.064752 1
0.772831 1
1.460625 1
2.047055 1
1.956765 1
1.956765 0
1.956765 0
2.172387 1
2.172387 0
1.382966 1
2.283767 1
0.686961 1
1.637060 1
1.637060 0
1.637060 0
1.710258 1
1.993546 1
0.554162 1
0.432733 1
1.366970 1
2.333654 1
2.286356 1
1.814387 1
0.030348 1
0.575934 1
1.318469 1
1.429245 1
1.767736 1
2.447459 1
2.447459 0
1.687180 1
1.652915 1
1.703911 1
1.703911 0
0.563193 1
1.608415 1
1.608415 0
2.665762 1
2.217668 1
2.217668 0
2.416510 1
1.880046 1
1.880046 0
1.880046 0
1.629910 1
1.629910 0
1.847770 1
1.784273 1
1.700699 1
1.793891 1
2.162945 1
1.931165 1
2.249945 1
2.049459 1
1.993291 1
1.184274 1
1.495552 1
1.566377 1
1.515043 1
1.515043 0
1.515043 0
2.145726 1
2.715831 1
3.456051 1
3.115525 1
3.115525 0
3.460760 1
3.556099 1
3.556099 0
3.597792 1
4.919236 1
5.514221 1
4.188739 1
3.654745 1
3.654745 0
3.654745 0
3.654745 0
3.654745 0
2.774736 1
2.774736 0
2.774736 0
3.747325 1
3.747325 0
2.811504 1
2.335574 1
3.521251 1
4.227362 1
3.066776 1
5.091671 1
5.506011 1
3.987617 1
4.470233 1
5.286203 1
5.980754 1
4.619177 1
5.619553 1
5.998050 1
4.925323 1
4.738769 1
4.738769 0
4.426283 1
4.899088 1
5.168727 1
5.521469 1
6.561533 1
4.996548 1
4.996548 0
4.526811 1
4.808979 1
4.808979 0
5.112082 1
4.669124 1
4.100793 1
3.379628 1
3.379628 0
3.625197 1
3.663252 1
3.744888 1
3.744888 0
2.891025 1
1.820214 1
1.820214 0
2.390502 1
2.390502 0
1.562540 1
2.135007 1
1.772050 1
1.371382 1
1.714034 1
1.714034 0
2.713043 1
2.718589 1
2.718589 0
1.077827 1
1.084221 1
1.675346 1
2.236320 1
2.236320 0
0.946766 1
1.781459 1
2.715726 1
2.670499 1
2.334079 1
2.334079 0
2.334079 0
2.334079 0
2.546170 1
1.760092 1
1.864743 1
0.952050 1
0.255747 1
0.255747 0
0.766295 1
1.085763 1
1.493954 1
1.493954 0
1.493954 0
2.151380 1
2.412194 1
2.433063 1
2.433063 0
2.622492 1
1.460749 1
2.674957 1
1.800272 1
1.104222 1
1.068247 1
1.905564 1
1.905564 0
1.733202 1
1.733202 0
1.733202 0
0.591492 1
1.538961 1
1.296290 1
1.296290 0
1.296290 0
1.311110 1
1.311110 0
1.722627 1
1.722627 0
1.709661 1
1.358369 1
0.590974 1
1.913131 1
1.060112 1
1.194259 1
0.921643 1
0.921643 0
2.412761 1
2.223067 1
2.223067 0
2.223067 0
3.224278 1
3.224278 0
3.863637 1
3.863637 0
3.059581 1
2.936758 1
2.795631 1
2.180999 1
2.160566 1
2.160566 0
1.949797 1
1.949797 0
-0.165742 1
0.379335 1
0.448158 1
-0.677905 1
0.400047 1
